#Bin Center	Bin Content	Bin Error
0.000000000000000	0.000000000000000	0.000000000000000
0.000000040000000	0.000000000000000	0.000000000000000
0.000000080000000	0.000000000000000	0.000000000000000
0.000000120000000	0.000000000000000	0.000000000000000
0.000000160000000	0.000000000000000	0.000000000000000
0.000000200000000	0.000000000000000	0.000000000000000
0.000000240000000	0.000000000000000	0.000000000000000
0.000000280000000	0.000000000000000	0.000000000000000
0.000000320000000	0.000000000000000	0.000000000000000
0.000000360000000	0.000000000000000	0.000000000000000
0.000000400000000	0.000000000000000	0.000000000000000
0.000000440000000	0.000000000000000	0.000000000000000
0.000000480000000	0.000000000000000	0.000000000000000
0.000000520000000	0.000000000000000	0.000000000000000
0.000000560000000	0.000000000000000	0.000000000000000
0.000000600000000	0.000000000000000	0.000000000000000
0.000000640000000	0.000000000000000	0.000000000000000
0.000000680000000	0.000000000000000	0.000000000000000
0.000000720000000	0.000000000000000	0.000000000000000
0.000000760000000	0.000000000000000	0.000000000000000
0.000000800000000	0.000000000000000	0.000000000000000
0.000000840000000	0.000000000000000	0.000000000000000
0.000000880000000	0.000000000000000	0.000000000000000
0.000000920000000	0.000000000000000	0.000000000000000
0.000000960000000	0.000000000000000	0.000000000000000
0.000001000000000	0.000000000000000	0.000000000000000
0.000001040000000	0.000000000000000	0.000000000000000
0.000001080000000	0.000000000000000	0.000000000000000
0.000001120000000	0.000000000000000	0.000000000000000
0.000001160000000	0.000000000000000	0.000000000000000
0.000001200000000	0.000000000000000	0.000000000000000
0.000001240000000	0.000000000000000	0.000000000000000
0.000001280000000	0.000000000000000	0.000000000000000
0.000001320000000	0.000000000000000	0.000000000000000
0.000001360000000	0.000000000000000	0.000000000000000
0.000001400000000	0.000000000000000	0.000000000000000
0.000001440000000	0.000000000000000	0.000000000000000
0.000001480000000	0.000000000000000	0.000000000000000
0.000001520000000	0.000000000000000	0.000000000000000
0.000001560000000	0.000000000000000	0.000000000000000
0.000001600000000	0.000000000000000	0.000000000000000
0.000001640000000	0.000000000000000	0.000000000000000
0.000001680000000	0.000000000000000	0.000000000000000
0.000001720000000	0.000000000000000	0.000000000000000
0.000001760000000	0.000000000000000	0.000000000000000
0.000001800000000	0.000000000000000	0.000000000000000
0.000001840000000	0.000000000000000	0.000000000000000
0.000001880000000	0.000000000000000	0.000000000000000
0.000001920000000	0.000000000000000	0.000000000000000
0.000001960000000	0.000000000000000	0.000000000000000
0.000002000000000	0.000000000000000	0.000000000000000
0.000002040000000	0.000000183958596	0.000000008504077
0.000002080000000	0.000000201241088	0.000000008935541
0.000002120000000	0.000000223291224	0.000000009417720
0.000002160000000	0.000000251935859	0.000000009958675
0.000002200000000	0.000000297062808	0.000000010801274
0.000002240000000	0.000000305309659	0.000000011065799
0.000002280000000	0.000000352667158	0.000000011854260
0.000002320000000	0.000000423835968	0.000000012980013
0.000002360000000	0.000000480232728	0.000000013781115
0.000002400000000	0.000000520167029	0.000000014382181
0.000002440000000	0.000000590538726	0.000000015264846
0.000002480000000	0.000000644915613	0.000000015970929
0.000002520000000	0.000000692418780	0.000000016578797
0.000002560000000	0.000000742486280	0.000000017124558
0.000002600000000	0.000000728505856	0.000000016959849
0.000002640000000	0.000000758865429	0.000000017308760
0.000002680000000	0.000000790636688	0.000000017702032
0.000002720000000	0.000000769372747	0.000000017406242
0.000002760000000	0.000000827988383	0.000000018116749
0.000002800000000	0.000000820823155	0.000000018088303
0.000002840000000	0.000000835171656	0.000000018191573
0.000002880000000	0.000000815910627	0.000000017911586
0.000002920000000	0.000000828448123	0.000000018043581
0.000002960000000	0.000000827347942	0.000000018031387
0.000003000000000	0.000000864358912	0.000000018563557
0.000003040000000	0.000000859187017	0.000000018441994
0.000003080000000	0.000000832699513	0.000000018199592
0.000003120000000	0.000000794273350	0.000000017697516
0.000003160000000	0.000000841025384	0.000000018269129
0.000003200000000	0.000000815077110	0.000000017894666
0.000003240000000	0.000000805390081	0.000000017800237
0.000003280000000	0.000000794899867	0.000000017682835
0.000003320000000	0.000000774023943	0.000000017452736
0.000003360000000	0.000000769143299	0.000000017374146
0.000003400000000	0.000000756602268	0.000000017238203
0.000003440000000	0.000000761507086	0.000000017292480
0.000003480000000	0.000000738188210	0.000000017030088
0.000003520000000	0.000000772010670	0.000000017432706
0.000003560000000	0.000000696119782	0.000000016564681
0.000003600000000	0.000000719200800	0.000000016816075
0.000003640000000	0.000000698798255	0.000000016596162
0.000003680000000	0.000000674952935	0.000000016299250
0.000003720000000	0.000000688277040	0.000000016482311
0.000003760000000	0.000000698829199	0.000000016630958
0.000003800000000	0.000000665842650	0.000000016194286
0.000003840000000	0.000000670103904	0.000000016244206
0.000003880000000	0.000000662511392	0.000000016172737
0.000003920000000	0.000000663984794	0.000000016197144
0.000003960000000	0.000000619849986	0.000000015655309
0.000004000000000	0.000000640167410	0.000000015920286
0.000004040000000	0.000000601792830	0.000000015354685
0.000004080000000	0.000000607177854	0.000000015454464
0.000004120000000	0.000000566690399	0.000000014932091
0.000004160000000	0.000000631941141	0.000000015760864
0.000004200000000	0.000000593817204	0.000000015294157
0.000004240000000	0.000000568465001	0.000000014938243
0.000004280000000	0.000000561090378	0.000000014901689
0.000004320000000	0.000000539150149	0.000000014583362
0.000004360000000	0.000000553548892	0.000000014736892
0.000004400000000	0.000000546091943	0.000000014599668
0.000004440000000	0.000000533755375	0.000000014509424
0.000004480000000	0.000000522937364	0.000000014341125
0.000004520000000	0.000000539473128	0.000000014569479
0.000004560000000	0.000000510945084	0.000000014198713
0.000004600000000	0.000000482431664	0.000000013767813
0.000004640000000	0.000000474947249	0.000000013634010
0.000004680000000	0.000000499827798	0.000000013966231
0.000004720000000	0.000000484043580	0.000000013801122
0.000004760000000	0.000000505373114	0.000000014087566
0.000004800000000	0.000000483086787	0.000000013773083
0.000004840000000	0.000000456262322	0.000000013385494
0.000004880000000	0.000000453085341	0.000000013350713
0.000004920000000	0.000000472917684	0.000000013633413
0.000004960000000	0.000000436390483	0.000000013068195
0.000005000000000	0.000000441660783	0.000000013164105
0.000005040000000	0.000000422077857	0.000000012890686
0.000005080000000	0.000000431133552	0.000000012998668
0.000005120000000	0.000000389527815	0.000000012349959
0.000005160000000	0.000000392571242	0.000000012430963
0.000005200000000	0.000000400826702	0.000000012584372
0.000005240000000	0.000000380512812	0.000000012245777
0.000005280000000	0.000000387738645	0.000000012335571
0.000005320000000	0.000000401235272	0.000000012576842
0.000005360000000	0.000000385972595	0.000000012312258
0.000005400000000	0.000000391052215	0.000000012470892
0.000005440000000	0.000000375119906	0.000000012127049
0.000005480000000	0.000000350987953	0.000000011750575
0.000005520000000	0.000000367459377	0.000000012041005
0.000005560000000	0.000000339203400	0.000000011548610
0.000005600000000	0.000000347562025	0.000000011742054
0.000005640000000	0.000000329370645	0.000000011394796
0.000005680000000	0.000000332483957	0.000000011439790
0.000005720000000	0.000000314184538	0.000000011073753
0.000005760000000	0.000000313610801	0.000000011088245
0.000005800000000	0.000000306827489	0.000000011044899
0.000005840000000	0.000000313718171	0.000000011107025
0.000005880000000	0.000000329099976	0.000000011349608
0.000005920000000	0.000000299957503	0.000000010873609
0.000005960000000	0.000000293171240	0.000000010744248
0.000006000000000	0.000000294610107	0.000000010801354
0.000006040000000	0.000000285979416	0.000000010635459
0.000006080000000	0.000000267746146	0.000000010265357
0.000006120000000	0.000000276651854	0.000000010479589
0.000006160000000	0.000000274333903	0.000000010402592
0.000006200000000	0.000000274425509	0.000000010439899
0.000006240000000	0.000000271270564	0.000000010259745
0.000006280000000	0.000000274840236	0.000000010463056
0.000006320000000	0.000000256321117	0.000000009959689
0.000006360000000	0.000000255908143	0.000000010053888
0.000006400000000	0.000000256574155	0.000000010066111
0.000006440000000	0.000000246845293	0.000000009833564
0.000006480000000	0.000000234635736	0.000000009630890
0.000006520000000	0.000000227930190	0.000000009520208
0.000006560000000	0.000000227644284	0.000000009468137
0.000006600000000	0.000000236065438	0.000000009645194
0.000006640000000	0.000000240791135	0.000000009808658
0.000006680000000	0.000000235497189	0.000000009707468
0.000006720000000	0.000000223642866	0.000000009348652
0.000006760000000	0.000000219033704	0.000000009251421
0.000006800000000	0.000000221048644	0.000000009326823
0.000006840000000	0.000000195742009	0.000000008717864
0.000006880000000	0.000000202466939	0.000000008909924
0.000006920000000	0.000000196405484	0.000000008786365
0.000006960000000	0.000000204137649	0.000000008981597
0.000007000000000	0.000000192484782	0.000000008696476
0.000007040000000	0.000000184204479	0.000000008536066
0.000007080000000	0.000000195083822	0.000000008782416
0.000007120000000	0.000000175907129	0.000000008326216
0.000007160000000	0.000000196381837	0.000000008817104
0.000007200000000	0.000000189128738	0.000000008628358
0.000007240000000	0.000000169984186	0.000000008201684
0.000007280000000	0.000000167979465	0.000000008134988
0.000007320000000	0.000000177573021	0.000000008337491
0.000007360000000	0.000000160919469	0.000000007976753
0.000007400000000	0.000000176007286	0.000000008349407
0.000007440000000	0.000000157568826	0.000000007852722
0.000007480000000	0.000000166950451	0.000000008117463
0.000007520000000	0.000000157998648	0.000000007873946
0.000007560000000	0.000000139447274	0.000000007362529
0.000007600000000	0.000000157849915	0.000000007845987
0.000007640000000	0.000000159036827	0.000000007952264
0.000007680000000	0.000000150129921	0.000000007702366
0.000007720000000	0.000000151447379	0.000000007723138
0.000007760000000	0.000000144299312	0.000000007501953
0.000007800000000	0.000000146700373	0.000000007582849
0.000007840000000	0.000000132396300	0.000000007245745
0.000007880000000	0.000000164007181	0.000000008017018
0.000007920000000	0.000000157698118	0.000000007899040
0.000007960000000	0.000000147459858	0.000000007601345
0.000008000000000	0.000000143238627	0.000000007523612
0.000008040000000	0.000000134538779	0.000000007229243
0.000008080000000	0.000000139426635	0.000000007418160
0.000008120000000	0.000000133612930	0.000000007255687
0.000008160000000	0.000000129295218	0.000000007152149
0.000008200000000	0.000000128355999	0.000000007129703
0.000008240000000	0.000000128924861	0.000000007139539
0.000008280000000	0.000000118857783	0.000000006840263
0.000008320000000	0.000000126164332	0.000000007047925
0.000008360000000	0.000000125784896	0.000000007085589
0.000008400000000	0.000000116268436	0.000000006776430
0.000008440000000	0.000000133256612	0.000000007277219
0.000008480000000	0.000000121120474	0.000000006927660
0.000008520000000	0.000000122272765	0.000000006960215
0.000008560000000	0.000000105613725	0.000000006455653
0.000008600000000	0.000000117607145	0.000000006838397
0.000008640000000	0.000000106854613	0.000000006528707
0.000008680000000	0.000000110184004	0.000000006638081
0.000008720000000	0.000000107197704	0.000000006459002
0.000008760000000	0.000000118308363	0.000000006808728
0.000008800000000	0.000000095674798	0.000000006098970
0.000008840000000	0.000000106158328	0.000000006404015
0.000008880000000	0.000000098617398	0.000000006247283
0.000008920000000	0.000000106766015	0.000000006490576
0.000008960000000	0.000000093387791	0.000000006061828
0.000009000000000	0.000000101465385	0.000000006308799
0.000009040000000	0.000000098745549	0.000000006223692
0.000009080000000	0.000000094763516	0.000000006144259
0.000009120000000	0.000000092704205	0.000000006003936
0.000009160000000	0.000000098756438	0.000000006231782
0.000009200000000	0.000000074858866	0.000000005380021
0.000009240000000	0.000000096437290	0.000000006144869
0.000009280000000	0.000000097623589	0.000000006171945
0.000009320000000	0.000000096235108	0.000000006142363
0.000009360000000	0.000000097330941	0.000000006189373
0.000009400000000	0.000000086144384	0.000000005838316
0.000009440000000	0.000000092783781	0.000000005974969
0.000009480000000	0.000000085050418	0.000000005723947
0.000009520000000	0.000000090239944	0.000000006013210
0.000009560000000	0.000000081132724	0.000000005610097
0.000009600000000	0.000000078054091	0.000000005487865
0.000009640000000	0.000000081972925	0.000000005694808
0.000009680000000	0.000000077383204	0.000000005507472
0.000009720000000	0.000000075949825	0.000000005475934
0.000009760000000	0.000000072956782	0.000000005370718
0.000009800000000	0.000000074401721	0.000000005392708
0.000009840000000	0.000000075878801	0.000000005471928
0.000009880000000	0.000000076677169	0.000000005444509
0.000009920000000	0.000000076627396	0.000000005488358
0.000009960000000	0.000000077928419	0.000000005568996
0.000010000000000	0.000000074236554	0.000000005404906
0.000010040000000	0.000000078516053	0.000000005574447
0.000010080000000	0.000000064673999	0.000000005047523
0.000010120000000	0.000000078828142	0.000000005528918
0.000010160000000	0.000000073171722	0.000000005313521
0.000010200000000	0.000000068125996	0.000000005224499
0.000010240000000	0.000000064629101	0.000000005049294
0.000010280000000	0.000000068699733	0.000000005193671
0.000010320000000	0.000000068179446	0.000000005185235
0.000010360000000	0.000000068299045	0.000000005194546
0.000010400000000	0.000000059230650	0.000000004824274
0.000010440000000	0.000000073813418	0.000000005406573
0.000010480000000	0.000000066395151	0.000000005105876
0.000010520000000	0.000000063941837	0.000000004972544
0.000010560000000	0.000000057142818	0.000000004750957
0.000010600000000	0.000000065207042	0.000000004992310
0.000010640000000	0.000000061160670	0.000000004924296
0.000010680000000	0.000000062290512	0.000000004970891
0.000010720000000	0.000000067992500	0.000000005178497
0.000010760000000	0.000000054334384	0.000000004583510
0.000010800000000	0.000000075044614	0.000000005435682
0.000010840000000	0.000000063846497	0.000000005043207
0.000010880000000	0.000000054625165	0.000000004640666
0.000010920000000	0.000000055158209	0.000000004580551
0.000010960000000	0.000000061124851	0.000000004853248
0.000011000000000	0.000000060843763	0.000000004864129
0.000011040000000	0.000000049334226	0.000000004454446
0.000011080000000	0.000000047591822	0.000000004327398
0.000011120000000	0.000000059095287	0.000000004851569
0.000011160000000	0.000000053656813	0.000000004568626
0.000011200000000	0.000000043058559	0.000000004062044
0.000011240000000	0.000000047515924	0.000000004375390
0.000011280000000	0.000000053001163	0.000000004587907
0.000011320000000	0.000000052377041	0.000000004528128
0.000011360000000	0.000000055216476	0.000000004654803
0.000011400000000	0.000000058397134	0.000000004761070
0.000011440000000	0.000000052249560	0.000000004537364
0.000011480000000	0.000000045941694	0.000000004263538
0.000011520000000	0.000000046720620	0.000000004262454
0.000011560000000	0.000000052174859	0.000000004524727
0.000011600000000	0.000000050741479	0.000000004486286
0.000011640000000	0.000000048451465	0.000000004403855
0.000011680000000	0.000000052672696	0.000000004535377
0.000011720000000	0.000000050243641	0.000000004475518
0.000011760000000	0.000000043400922	0.000000004166696
0.000011800000000	0.000000048868587	0.000000004337468
0.000011840000000	0.000000041986984	0.000000004089606
0.000011880000000	0.000000044123391	0.000000004180873
0.000011920000000	0.000000049259525	0.000000004441573
0.000011960000000	0.000000043181165	0.000000004108283
0.000012000000000	0.000000033581594	0.000000003602774
0.000012040000000	0.000000043544837	0.000000004087347
0.000012080000000	0.000000045585904	0.000000004262507
0.000012120000000	0.000000038198639	0.000000003822056
0.000012160000000	0.000000044826419	0.000000004229435
0.000012200000000	0.000000039664829	0.000000003920210
0.000012240000000	0.000000039001824	0.000000003924699
0.000012280000000	0.000000036799268	0.000000003760728
0.000012320000000	0.000000040049082	0.000000003991263
0.000012360000000	0.000000042382797	0.000000004144551
0.000012400000000	0.000000045400156	0.000000004191295
0.000012440000000	0.000000033484444	0.000000003588091
0.000012480000000	0.000000035578961	0.000000003732055
0.000012520000000	0.000000042211616	0.000000004092277
0.000012560000000	0.000000041403555	0.000000004051308
0.000012600000000	0.000000040049082	0.000000003991263
0.000012640000000	0.000000046169333	0.000000004298924
0.000012680000000	0.000000033049748	0.000000003605847
0.000012720000000	0.000000040322289	0.000000004000603
0.000012760000000	0.000000031399619	0.000000003528953
0.000012800000000	0.000000035530385	0.000000003724976
0.000012840000000	0.000000028553500	0.000000003307334
0.000012880000000	0.000000036645660	0.000000003763652
0.000012920000000	0.000000030898774	0.000000003475036
0.000012960000000	0.000000036084681	0.000000003720801
0.000013000000000	0.000000034543262	0.000000003645766
0.000013040000000	0.000000035129698	0.000000003726196
0.000013080000000	0.000000033164472	0.000000003682430
0.000013120000000	0.000000030793742	0.000000003485781
0.000013160000000	0.000000028574751	0.000000003385513
0.000013200000000	0.000000026136004	0.000000003207704
0.000013240000000	0.000000031684385	0.000000003523981
0.000013280000000	0.000000029649333	0.000000003393843
0.000013320000000	0.000000033872375	0.000000003675214
0.000013360000000	0.000000035197714	0.000000003694218
0.000013400000000	0.000000032290263	0.000000003566692
0.000013440000000	0.000000029075597	0.000000003440834
0.000013480000000	0.000000031445187	0.000000003496449
0.000013520000000	0.000000031189555	0.000000003550084
0.000013560000000	0.000000034316763	0.000000003743316
0.000013600000000	0.000000032395295	0.000000003556191
0.000013640000000	0.000000029746484	0.000000003409362
0.000013680000000	0.000000023853872	0.000000003062054
0.000013720000000	0.000000032910707	0.000000003632570
0.000013760000000	0.000000031385053	0.000000003504579
0.000013800000000	0.000000030205438	0.000000003507193
0.000013840000000	0.000000024056055	0.000000003067078
0.000013880000000	0.000000030711158	0.000000003495214
0.000013920000000	0.000000033565160	0.000000003681196
0.000013960000000	0.000000029214637	0.000000003412609
0.000014000000000	0.000000026278052	0.000000003221347
0.000014040000000	0.000000021512275	0.000000002882607
0.000014080000000	0.000000022473943	0.000000002936163
0.000014120000000	0.000000023213986	0.000000003031827
0.000014160000000	0.000000025848231	0.000000003169115
0.000014200000000	0.000000029888532	0.000000003422200
0.000014240000000	0.000000023768281	0.000000003026696
0.000014280000000	0.000000029439269	0.000000003415809
0.000014320000000	0.000000018848897	0.000000002667441
0.000014360000000	0.000000026719433	0.000000003255941
0.000014400000000	0.000000023128395	0.000000002996112
0.000014440000000	0.000000022391359	0.000000002947356
0.000014480000000	0.000000019910722	0.000000002795281
0.000014520000000	0.000000020928846	0.000000002828010
0.000014560000000	0.000000024830106	0.000000003139943
0.000014600000000	0.000000024280686	0.000000003070638
0.000014640000000	0.000000021148603	0.000000002912217
0.000014680000000	0.000000028162504	0.000000003403013
0.000014720000000	0.000000020135353	0.000000002799187
0.000014760000000	0.000000024161087	0.000000003054861
0.000014800000000	0.000000020576734	0.000000002838930
0.000014840000000	0.000000025440859	0.000000003114574
0.000014880000000	0.000000025533134	0.000000003204320
0.000014920000000	0.000000021646441	0.000000002928737
0.000014960000000	0.000000019828138	0.000000002807036
0.000015000000000	0.000000018380192	0.000000002713230
0.000015040000000	0.000000016132068	0.000000002515905
0.000015080000000	0.000000022544967	0.000000002943622
0.000015120000000	0.000000019574373	0.000000002741300
0.000015160000000	0.000000025962955	0.000000003255987
0.000015200000000	0.000000019370994	0.000000002831275
0.000015240000000	0.000000023319018	0.000000003019468
0.000015280000000	0.000000019876713	0.000000002816423
0.000015320000000	0.000000020172369	0.000000002828063
0.000015360000000	0.000000018111861	0.000000002612558
0.000015400000000	0.000000014640422	0.000000002301661
0.000015440000000	0.000000019566491	0.000000002774004
0.000015480000000	0.000000019608382	0.000000002719574
0.000015520000000	0.000000019173686	0.000000002742957
0.000015560000000	0.000000025447543	0.000000003170549
0.000015600000000	0.000000021014437	0.000000002865821
0.000015640000000	0.000000020186936	0.000000002858212
0.000015680000000	0.000000022237752	0.000000002951086
0.000015720000000	0.000000022581982	0.000000002971095
0.000015760000000	0.000000020397000	0.000000002831924
0.000015800000000	0.000000019727981	0.000000002737284
0.000015840000000	0.000000015309441	0.000000002413444
0.000015880000000	0.000000016371267	0.000000002554030
0.000015920000000	0.000000016095053	0.000000002483401
0.000015960000000	0.000000018175002	0.000000002655124
0.000016000000000	0.000000019405002	0.000000002810244
0.000016040000000	0.000000016229219	0.000000002536801
0.000016080000000	0.000000018360751	0.000000002766170
0.000016120000000	0.000000016715497	0.000000002577123
0.000016160000000	0.000000014860179	0.000000002404373
0.000016200000000	0.000000016251667	0.000000002535039
0.000016240000000	0.000000017572132	0.000000002651035
0.000016280000000	0.000000015057486	0.000000002504658
0.000016320000000	0.000000016835096	0.000000002595805
0.000016360000000	0.000000015975454	0.000000002463867
0.000016400000000	0.000000013412233	0.000000002294162
0.000016440000000	0.000000014769713	0.000000002455043
0.000016480000000	0.000000018092419	0.000000002667497
0.000016520000000	0.000000013483257	0.000000002303700
0.000016560000000	0.000000016678481	0.000000002545401
0.000016600000000	0.000000013497823	0.000000002340612
0.000016640000000	0.000000013588289	0.000000002287409
0.000016680000000	0.000000022864881	0.000000003087879
0.000016720000000	0.000000015267551	0.000000002474617
0.000016760000000	0.000000015534073	0.000000002417967
0.000016800000000	0.000000013030987	0.000000002232081
0.000016840000000	0.000000010060393	0.000000001957551
0.000016880000000	0.000000009232892	0.000000001946395
0.000016920000000	0.000000012484573	0.000000002198386
0.000016960000000	0.000000017867788	0.000000002663398
0.000017000000000	0.000000016764072	0.000000002587345
0.000017040000000	0.000000016061044	0.000000002507175
0.000017080000000	0.000000011830121	0.000000002115956
0.000017120000000	0.000000017303800	0.000000002547907
0.000017160000000	0.000000009667588	0.000000001913301
0.000017200000000	0.000000014515948	0.000000002379604
0.000017240000000	0.000000013011545	0.000000002296142
0.000017280000000	0.000000008769062	0.000000001890321
0.000017320000000	0.000000017523557	0.000000002641059
0.000017360000000	0.000000018294602	0.000000002673262
0.000017400000000	0.000000013019427	0.000000002256522
0.000017440000000	0.000000011830121	0.000000002115956
0.000017480000000	0.000000009667588	0.000000001913301
0.000017520000000	0.000000016405275	0.000000002530696
0.000017560000000	0.000000014052119	0.000000002333962
0.000017600000000	0.000000009442956	0.000000001907582
0.000017640000000	0.000000006820271	0.000000001636413
0.000017680000000	0.000000011417874	0.000000002143843
0.000017720000000	0.000000011107651	0.000000002087804
0.000017760000000	0.000000011881703	0.000000002193445
0.000017800000000	0.000000014684122	0.000000002410798
0.000017840000000	0.000000009835762	0.000000001951962
0.000017880000000	0.000000009801753	0.000000001982120
0.000017920000000	0.000000012743213	0.000000002176260
0.000017960000000	0.000000014410916	0.000000002395268
0.000018000000000	0.000000013236176	0.000000002300895
0.000018040000000	0.000000010011818	0.000000001944020
0.000018080000000	0.000000012843371	0.000000002263368
0.000018120000000	0.000000008979127	0.000000001850333
0.000018160000000	0.000000012259942	0.000000002193411
0.000018200000000	0.000000011346850	0.000000002133591
0.000018240000000	0.000000011881703	0.000000002193445
0.000018280000000	0.000000014459491	0.000000002406262
0.000018320000000	0.000000009476964	0.000000001876226
0.000018360000000	0.000000010194559	0.000000002024866
0.000018400000000	0.000000011485890	0.000000002087768
0.000018440000000	0.000000011298275	0.000000002121184
0.000018480000000	0.000000011522906	0.000000002126328
0.000018520000000	0.000000005690429	0.000000001488887
0.000018560000000	0.000000008634896	0.000000001818031
0.000018600000000	0.000000010538790	0.000000002053918
0.000018640000000	0.000000009013135	0.000000001817990
0.000018680000000	0.000000016764072	0.000000002587345
0.000018720000000	0.000000008634896	0.000000001818031
0.000018760000000	0.000000011762104	0.000000002171303
0.000018800000000	0.000000013236176	0.000000002300895
0.000018840000000	0.000000012069319	0.000000002161147
0.000018880000000	0.000000009337924	0.000000001927086
0.000018920000000	0.000000014755146	0.000000002419876
0.000018960000000	0.000000007377573	0.000000001711111
0.000019000000000	0.000000008563872	0.000000001805930
0.000019040000000	0.000000013771030	0.000000002356503
0.000019080000000	0.000000011332283	0.000000002093030
0.000019120000000	0.000000009906786	0.000000001963162
0.000019160000000	0.000000007946435	0.000000001751641
0.000019200000000	0.000000009716163	0.000000001927047
0.000019240000000	0.000000010385182	0.000000002059267
0.000019280000000	0.000000007306549	0.000000001698249
0.000019320000000	0.000000010538790	0.000000002053918
0.000019360000000	0.000000012360100	0.000000002279863
0.000019400000000	0.000000006899177	0.000000001594154
0.000019440000000	0.000000007411581	0.000000001676084
0.000019480000000	0.000000006828153	0.000000001580340
0.000019520000000	0.000000008859527	0.000000001824031
0.000019560000000	0.000000008859527	0.000000001824031
0.000019600000000	0.000000008956678	0.000000001852746
0.000019640000000	0.000000007497172	0.000000001739122
0.000019680000000	0.000000008290666	0.000000001785145
0.000019720000000	0.000000007152942	0.000000001704714
0.000019760000000	0.000000008874094	0.000000001870434
0.000019800000000	0.000000010040952	0.000000002030292
0.000019840000000	0.000000011732971	0.000000002090858
0.000019880000000	0.000000005283057	0.000000001368964
0.000019920000000	0.000000007721804	0.000000001745393
0.000019960000000	0.000000007257974	0.000000001682634
0.000020000000000	0.000000006962319	0.000000001662995
0.000020040000000	0.000000010314158	0.000000002048591
0.000020080000000	0.000000010385182	0.000000002059267
0.000020120000000	0.000000008529864	0.000000001838485
0.000020160000000	0.000000008993693	0.000000001896092
0.000020200000000	0.000000007770379	0.000000001760451
0.000020240000000	0.000000009696721	0.000000002000897
0.000020280000000	0.000000005297623	0.000000001430209
0.000020320000000	0.000000006794144	0.000000001617442
0.000020360000000	0.000000006689112	0.000000001640400
0.000020400000000	0.000000006913744	0.000000001647047
0.000020440000000	0.000000009098726	0.000000001876266
0.000020480000000	0.000000007152942	0.000000001704714
0.000020520000000	0.000000005986084	0.000000001510790
0.000020560000000	0.000000007018776	0.000000001624183
0.000020600000000	0.000000010074960	0.000000002000860
0.000020640000000	0.000000007081918	0.000000001691803
0.000020680000000	0.000000008305232	0.000000001832533
0.000020720000000	0.000000007363006	0.000000001660261
0.000020760000000	0.000000007377573	0.000000001711111
0.000020800000000	0.000000006330315	0.000000001549510
0.000020840000000	0.000000004953393	0.000000001388165
0.000020880000000	0.000000006913744	0.000000001647047
0.000020920000000	0.000000004025734	0.000000001223408
0.000020960000000	0.000000006464481	0.000000001633726
0.000021000000000	0.000000006225283	0.000000001573459
0.000021040000000	0.000000007306549	0.000000001698249
0.000021080000000	0.000000004728761	0.000000001380272
0.000021120000000	0.000000006808711	0.000000001669597
0.000021160000000	0.000000004967960	0.000000001448599
0.000021200000000	0.000000005241166	0.000000001474137
0.000021240000000	0.000000005297623	0.000000001430209
0.000021280000000	0.000000006154259	0.000000001559462
0.000021320000000	0.000000005058425	0.000000001360960
0.000021360000000	0.000000003730078	0.000000001196254
0.000021400000000	0.000000007377573	0.000000001711111
0.000021440000000	0.000000005776020	0.000000001559510
0.000021480000000	0.000000007186950	0.000000001669552
0.000021520000000	0.000000003801102	0.000000001214445
0.000021560000000	0.000000006210716	0.000000001518005
0.000021600000000	0.000000005297623	0.000000001430209
0.000021640000000	0.000000006794144	0.000000001617442
0.000021680000000	0.000000005001968	0.000000001407051
0.000021720000000	0.000000004762770	0.000000001336603
0.000021760000000	0.000000004418539	0.000000001291516
0.000021800000000	0.000000005536822	0.000000001496257
0.000021840000000	0.000000005178024	0.000000001396014
0.000021880000000	0.000000006857286	0.000000001685332
0.000021920000000	0.000000006273858	0.000000001590146
0.000021960000000	0.000000006689112	0.000000001640400
0.000022000000000	0.000000004074309	0.000000001244796
0.000022040000000	0.000000006723120	0.000000001603829
0.000022080000000	0.000000006449914	0.000000001580388
0.000022120000000	0.000000007961002	0.000000001799912
0.000022160000000	0.000000004777337	0.000000001399265
0.000022200000000	0.000000005724437	0.000000001448495
0.000022240000000	0.000000006689112	0.000000001640400
0.000022280000000	0.000000004833794	0.000000001352908
0.000022320000000	0.000000004594596	0.000000001279482
0.000022360000000	0.000000004777337	0.000000001399265
0.000022400000000	0.000000003696070	0.000000001244857
0.000022440000000	0.000000004145333	0.000000001262288
0.000022480000000	0.000000005881052	0.000000001535343
0.000022520000000	0.000000004040300	0.000000001291574
0.000022560000000	0.000000004833794	0.000000001352908
0.000022600000000	0.000000006091117	0.000000001485832
0.000022640000000	0.000000006498489	0.000000001597002
0.000022680000000	0.000000006584080	0.000000001663040
0.000022720000000	0.000000004040300	0.000000001291574
0.000022760000000	0.000000005881052	0.000000001535343
0.000022800000000	0.000000004489563	0.000000001308383
0.000022840000000	0.000000008698038	0.000000001878686
0.000022880000000	0.000000004264932	0.000000001300005
0.000022920000000	0.000000002768411	0.000000001058013
0.000022960000000	0.000000006554946	0.000000001556545
0.000023000000000	0.000000004145333	0.000000001262288
0.000023040000000	0.000000005312190	0.000000001488937
0.000023080000000	0.000000007841403	0.000000001772862
0.000023120000000	0.000000006020093	0.000000001471001
0.000023160000000	0.000000004298940	0.000000001253543
0.000023200000000	0.000000005656421	0.000000001528211
0.000023240000000	0.000000005241166	0.000000001474137
0.000023280000000	0.000000005072992	0.000000001422549
0.000023320000000	0.000000005881052	0.000000001535343
0.000023360000000	0.000000004728761	0.000000001380272
0.000023400000000	0.000000005795461	0.000000001463554
0.000023440000000	0.000000003906135	0.000000001183252
0.000023480000000	0.000000002065383	0.000000000843189
0.000023520000000	0.000000006498489	0.000000001597002
0.000023560000000	0.000000004040300	0.000000001291574
0.000023600000000	0.000000003576471	0.000000001205415
0.000023640000000	0.000000003112641	0.000000001112604
0.000023680000000	0.000000002184982	0.000000000898672
0.000023720000000	0.000000005690429	0.000000001488887
0.000023760000000	0.000000003351839	0.000000001196317
0.000023800000000	0.000000006689112	0.000000001640400
0.000023840000000	0.000000003337273	0.000000001122381
0.000023880000000	0.000000004025734	0.000000001223408
0.000023920000000	0.000000004384531	0.000000001336659
0.000023960000000	0.000000005312190	0.000000001488937
0.000024000000000	0.000000004384531	0.000000001336659
0.000024040000000	0.000000003576471	0.000000001205415
0.000024080000000	0.000000002922018	0.000000001047564
0.000024120000000	0.000000004040300	0.000000001291574
0.000024160000000	0.000000002768411	0.000000001058013
0.000024200000000	0.000000003232240	0.000000001155219
0.000024240000000	0.000000002577788	0.000000000989392
0.000024280000000	0.000000004967960	0.000000001448599
0.000024320000000	0.000000004145333	0.000000001262288
0.000024360000000	0.000000004040300	0.000000001291574
0.000024400000000	0.000000003849677	0.000000001235988
0.000024440000000	0.000000002184982	0.000000000898672
0.000024480000000	0.000000005690429	0.000000001488887
0.000024520000000	0.000000004264932	0.000000001300005
0.000024560000000	0.000000003561904	0.000000001132073
0.000024600000000	0.000000005417222	0.000000001463606
0.000024640000000	0.000000003146650	0.000000001057942
0.000024680000000	0.000000004193908	0.000000001283028
0.000024720000000	0.000000003112641	0.000000001112604
0.000024760000000	0.000000004264932	0.000000001300005
0.000024800000000	0.000000002993042	0.000000001068290
0.000024840000000	0.000000004088876	0.000000001311851
0.000024880000000	0.000000002648812	0.000000001011311
0.000024920000000	0.000000002304581	0.000000000950923
0.000024960000000	0.000000003490880	0.000000001112536