#Bin Center	Bin Content	Bin Error
0.000000000000000	0.000000000000000	0.000000000000000
0.000000040000000	0.000000000000000	0.000000000000000
0.000000080000000	0.000000000000000	0.000000000000000
0.000000120000000	0.000000000000000	0.000000000000000
0.000000160000000	0.000000000000000	0.000000000000000
0.000000200000000	0.000000000000000	0.000000000000000
0.000000240000000	0.000000000000000	0.000000000000000
0.000000280000000	0.000000000000000	0.000000000000000
0.000000320000000	0.000000000000000	0.000000000000000
0.000000360000000	0.000000000000000	0.000000000000000
0.000000400000000	0.000000000000000	0.000000000000000
0.000000440000000	0.000000000000000	0.000000000000000
0.000000480000000	0.000000000000000	0.000000000000000
0.000000520000000	0.000000000000000	0.000000000000000
0.000000560000000	0.000000000000000	0.000000000000000
0.000000600000000	0.000000000000000	0.000000000000000
0.000000640000000	0.000000000000000	0.000000000000000
0.000000680000000	0.000000000000000	0.000000000000000
0.000000720000000	0.000000000000000	0.000000000000000
0.000000760000000	0.000000000000000	0.000000000000000
0.000000800000000	0.000000000000000	0.000000000000000
0.000000840000000	0.000000000000000	0.000000000000000
0.000000880000000	0.000000000000000	0.000000000000000
0.000000920000000	0.000000000000000	0.000000000000000
0.000000960000000	0.000000000000000	0.000000000000000
0.000001000000000	0.000000000000000	0.000000000000000
0.000001040000000	0.000000000000000	0.000000000000000
0.000001080000000	0.000000000000000	0.000000000000000
0.000001120000000	0.000000000000000	0.000000000000000
0.000001160000000	0.000000000000000	0.000000000000000
0.000001200000000	0.000000000000000	0.000000000000000
0.000001240000000	0.000000000000000	0.000000000000000
0.000001280000000	0.000000000000000	0.000000000000000
0.000001320000000	0.000000000000000	0.000000000000000
0.000001360000000	0.000000000000000	0.000000000000000
0.000001400000000	0.000000000000000	0.000000000000000
0.000001440000000	0.000000000000000	0.000000000000000
0.000001480000000	0.000000000000000	0.000000000000000
0.000001520000000	0.000000000000000	0.000000000000000
0.000001560000000	0.000000000000000	0.000000000000000
0.000001600000000	0.000000000000000	0.000000000000000
0.000001640000000	0.000000000000000	0.000000000000000
0.000001680000000	0.000000000000000	0.000000000000000
0.000001720000000	0.000000000000000	0.000000000000000
0.000001760000000	0.000000000000000	0.000000000000000
0.000001800000000	0.000000000000000	0.000000000000000
0.000001840000000	0.000000000000000	0.000000000000000
0.000001880000000	0.000000000000000	0.000000000000000
0.000001920000000	0.000000000000000	0.000000000000000
0.000001960000000	0.000000000000000	0.000000000000000
0.000002000000000	0.000000000000000	0.000000000000000
0.000002040000000	0.000007151914870	0.000000045217040
0.000002080000000	0.000007419780296	0.000000046091094
0.000002120000000	0.000007829626475	0.000000047339015
0.000002160000000	0.000008172193800	0.000000048339688
0.000002200000000	0.000008532043189	0.000000049392909
0.000002240000000	0.000008776222531	0.000000050106624
0.000002280000000	0.000009086600733	0.000000050965198
0.000002320000000	0.000009349009656	0.000000051675108
0.000002360000000	0.000009593926705	0.000000052358480
0.000002400000000	0.000009681494836	0.000000052586914
0.000002440000000	0.000009873245995	0.000000053119746
0.000002480000000	0.000009935171070	0.000000053276690
0.000002520000000	0.000009970796811	0.000000053377119
0.000002560000000	0.000010036813811	0.000000053560413
0.000002600000000	0.000010118716599	0.000000053746839
0.000002640000000	0.000010187016286	0.000000053965474
0.000002680000000	0.000010077435435	0.000000053633839
0.000002720000000	0.000009990124904	0.000000053392000
0.000002760000000	0.000010059366906	0.000000053556082
0.000002800000000	0.000009967820946	0.000000053320234
0.000002840000000	0.000009890940537	0.000000053125207
0.000002880000000	0.000009781872461	0.000000052809995
0.000002920000000	0.000009759294810	0.000000052748317
0.000002960000000	0.000009593235953	0.000000052279806
0.000003000000000	0.000009527616660	0.000000052121436
0.000003040000000	0.000009490166075	0.000000052009560
0.000003080000000	0.000009331903764	0.000000051573724
0.000003120000000	0.000009269504271	0.000000051386776
0.000003160000000	0.000009102772074	0.000000050934898
0.000003200000000	0.000008943985129	0.000000050490304
0.000003240000000	0.000008879410873	0.000000050294395
0.000003280000000	0.000008802104320	0.000000050084960
0.000003320000000	0.000008578721341	0.000000049431407
0.000003360000000	0.000008532631354	0.000000049305113
0.000003400000000	0.000008436053095	0.000000049030573
0.000003440000000	0.000008202893846	0.000000048359678
0.000003480000000	0.000008090159503	0.000000047998428
0.000003520000000	0.000008065482346	0.000000047958233
0.000003560000000	0.000007939650667	0.000000047551446
0.000003600000000	0.000007836155130	0.000000047238446
0.000003640000000	0.000007685109801	0.000000046809803
0.000003680000000	0.000007578657752	0.000000046494430
0.000003720000000	0.000007467240682	0.000000046111075
0.000003760000000	0.000007363215308	0.000000045781577
0.000003800000000	0.000007220120434	0.000000045359068
0.000003840000000	0.000007144972552	0.000000045123788
0.000003880000000	0.000007003883896	0.000000044676301
0.000003920000000	0.000006880000593	0.000000044311345
0.000003960000000	0.000006856456073	0.000000044226818
0.000004000000000	0.000006677683436	0.000000043591023
0.000004040000000	0.000006549194463	0.000000043185079
0.000004080000000	0.000006474297524	0.000000042950642
0.000004120000000	0.000006447780401	0.000000042857381
0.000004160000000	0.000006227189136	0.000000042114459
0.000004200000000	0.000006140971431	0.000000041809606
0.000004240000000	0.000006063216955	0.000000041551843
0.000004280000000	0.000006009569989	0.000000041379237
0.000004320000000	0.000005916441663	0.000000040999746
0.000004360000000	0.000005790169555	0.000000040624122
0.000004400000000	0.000005711371498	0.000000040353135
0.000004440000000	0.000005610291747	0.000000039971898
0.000004480000000	0.000005538859377	0.000000039720567
0.000004520000000	0.000005319841529	0.000000038931498
0.000004560000000	0.000005348844977	0.000000039038143
0.000004600000000	0.000005310645796	0.000000038886332
0.000004640000000	0.000005203171945	0.000000038502811
0.000004680000000	0.000005099184442	0.000000038120228
0.000004720000000	0.000005049401693	0.000000037910147
0.000004760000000	0.000004985225630	0.000000037673322
0.000004800000000	0.000004889701841	0.000000037320761
0.000004840000000	0.000004639238749	0.000000036333292
0.000004880000000	0.000004760984675	0.000000036800469
0.000004920000000	0.000004599410733	0.000000036182226
0.000004960000000	0.000004544119811	0.000000035951459
0.000005000000000	0.000004493199708	0.000000035753012
0.000005040000000	0.000004448301037	0.000000035577960
0.000005080000000	0.000004346193312	0.000000035166699
0.000005120000000	0.000004264084594	0.000000034818568
0.000005160000000	0.000004199700660	0.000000034568231
0.000005200000000	0.000004108291061	0.000000034211175
0.000005240000000	0.000004064616375	0.000000034032387
0.000005280000000	0.000004005183798	0.000000033764398
0.000005320000000	0.000004006298888	0.000000033753702
0.000005360000000	0.000003896879923	0.000000033298756
0.000005400000000	0.000003763905549	0.000000032721819
0.000005440000000	0.000003711543187	0.000000032487063
0.000005480000000	0.000003666939988	0.000000032279661
0.000005520000000	0.000003653514513	0.000000032226969
0.000005560000000	0.000003628056577	0.000000032140563
0.000005600000000	0.000003531790366	0.000000031695626
0.000005640000000	0.000003485110408	0.000000031489530
0.000005680000000	0.000003438518051	0.000000031275424
0.000005720000000	0.000003300025100	0.000000030627858
0.000005760000000	0.000003301117441	0.000000030652676
0.000005800000000	0.000003320520791	0.000000030729877
0.000005840000000	0.000003238908755	0.000000030356063
0.000005880000000	0.000003165864127	0.000000030031260
0.000005920000000	0.000003143598039	0.000000029919594
0.000005960000000	0.000003078991114	0.000000029582683
0.000006000000000	0.000003041556135	0.000000029418871
0.000006040000000	0.000002960376417	0.000000029001986
0.000006080000000	0.000002948021504	0.000000028966110
0.000006120000000	0.000002946082077	0.000000028942183
0.000006160000000	0.000002867114992	0.000000028543921
0.000006200000000	0.000002765127050	0.000000028049410
0.000006240000000	0.000002734823391	0.000000027883031
0.000006280000000	0.000002697557926	0.000000027704273
0.000006320000000	0.000002648845739	0.000000027438541
0.000006360000000	0.000002588762086	0.000000027141369
0.000006400000000	0.000002583363292	0.000000027125001
0.000006440000000	0.000002568315641	0.000000027022889
0.000006480000000	0.000002536606624	0.000000026893501
0.000006520000000	0.000002504702567	0.000000026683811
0.000006560000000	0.000002487867941	0.000000026580479
0.000006600000000	0.000002374880229	0.000000026014008
0.000006640000000	0.000002349439841	0.000000025850770
0.000006680000000	0.000002367367293	0.000000025962758
0.000006720000000	0.000002304973002	0.000000025602305
0.000006760000000	0.000002203242175	0.000000025036061
0.000006800000000	0.000002228535313	0.000000025189708
0.000006840000000	0.000002190833300	0.000000024959939
0.000006880000000	0.000002179691968	0.000000024897416
0.000006920000000	0.000002164081326	0.000000024792396
0.000006960000000	0.000002170026048	0.000000024837928
0.000007000000000	0.000002053060993	0.000000024180027
0.000007040000000	0.000002042111439	0.000000024088673
0.000007080000000	0.000002014113216	0.000000023930395
0.000007120000000	0.000002033045894	0.000000024066179
0.000007160000000	0.000001981525416	0.000000023729223
0.000007200000000	0.000001971345751	0.000000023670032
0.000007240000000	0.000001898673304	0.000000023220538
0.000007280000000	0.000001878242950	0.000000023098449
0.000007320000000	0.000001802827549	0.000000022618889
0.000007360000000	0.000001868538675	0.000000023039926
0.000007400000000	0.000001787565855	0.000000022547684
0.000007440000000	0.000001800379580	0.000000022606263
0.000007480000000	0.000001753961940	0.000000022315797
0.000007520000000	0.000001749032848	0.000000022310822
0.000007560000000	0.000001739176120	0.000000022218502
0.000007600000000	0.000001679125135	0.000000021857367
0.000007640000000	0.000001662503581	0.000000021734124
0.000007680000000	0.000001608578206	0.000000021385077
0.000007720000000	0.000001612178651	0.000000021432603
0.000007760000000	0.000001624719169	0.000000021492486
0.000007800000000	0.000001613665437	0.000000021410128
0.000007840000000	0.000001590153101	0.000000021270505
0.000007880000000	0.000001581546853	0.000000021229562
0.000007920000000	0.000001474029930	0.000000020478978
0.000007960000000	0.000001511962077	0.000000020721020
0.000008000000000	0.000001472139748	0.000000020441264
0.000008040000000	0.000001469893962	0.000000020428046
0.000008080000000	0.000001419449247	0.000000020079366
0.000008120000000	0.000001412280056	0.000000020046395
0.000008160000000	0.000001411914047	0.000000020038411
0.000008200000000	0.000001390614829	0.000000019895141
0.000008240000000	0.000001385101453	0.000000019861558
0.000008280000000	0.000001333531730	0.000000019455955
0.000008320000000	0.000001342296117	0.000000019522404
0.000008360000000	0.000001294960367	0.000000019187689
0.000008400000000	0.000001299736036	0.000000019220386
0.000008440000000	0.000001256793369	0.000000018917245
0.000008480000000	0.000001288944622	0.000000019127565
0.000008520000000	0.000001241871188	0.000000018785120
0.000008560000000	0.000001228456603	0.000000018697126
0.000008600000000	0.000001222036493	0.000000018633767
0.000008640000000	0.000001191311893	0.000000018393197
0.000008680000000	0.000001154155807	0.000000018115143
0.000008720000000	0.000001192677925	0.000000018403339
0.000008760000000	0.000001160805566	0.000000018171274
0.000008800000000	0.000001133299310	0.000000017951051
0.000008840000000	0.000001128108386	0.000000017911506
0.000008880000000	0.000001094285711	0.000000017630882
0.000008920000000	0.000001108770858	0.000000017761350
0.000008960000000	0.000001095782902	0.000000017641093
0.000009000000000	0.000001062566290	0.000000017393930
0.000009040000000	0.000001080204929	0.000000017501201
0.000009080000000	0.000001045475034	0.000000017219472
0.000009120000000	0.000001016547812	0.000000016997073
0.000009160000000	0.000001044338165	0.000000017234584
0.000009200000000	0.000001013192623	0.000000016985927
0.000009240000000	0.000000956732163	0.000000016495271
0.000009280000000	0.000000995680425	0.000000016819083
0.000009320000000	0.000000988385763	0.000000016763378
0.000009360000000	0.000000943465313	0.000000016380558
0.000009400000000	0.000000921674614	0.000000016178184
0.000009440000000	0.000000954458910	0.000000016489784
0.000009480000000	0.000000935673483	0.000000016313951
0.000009520000000	0.000000899342704	0.000000015989274
0.000009560000000	0.000000912095810	0.000000016111523
0.000009600000000	0.000000890802279	0.000000015915374
0.000009640000000	0.000000893031974	0.000000015908395
0.000009680000000	0.000000841931467	0.000000015460215
0.000009720000000	0.000000864356180	0.000000015663346
0.000009760000000	0.000000853941664	0.000000015562831
0.000009800000000	0.000000808682671	0.000000015127269
0.000009840000000	0.000000833658560	0.000000015404412
0.000009880000000	0.000000820112817	0.000000015297410
0.000009920000000	0.000000823697655	0.000000015299056
0.000009960000000	0.000000807851677	0.000000015156909
0.000010000000000	0.000000807414644	0.000000015144900
0.000010040000000	0.000000782946327	0.000000014917654
0.000010080000000	0.000000768346113	0.000000014788313
0.000010120000000	0.000000753680562	0.000000014637193
0.000010160000000	0.000000735517774	0.000000014468384
0.000010200000000	0.000000741987614	0.000000014502392
0.000010240000000	0.000000737757873	0.000000014506381
0.000010280000000	0.000000704973577	0.000000014151176
0.000010320000000	0.000000722392972	0.000000014340521
0.000010360000000	0.000000698842765	0.000000014097074
0.000010400000000	0.000000687012971	0.000000013977599
0.000010440000000	0.000000682893095	0.000000013930259
0.000010480000000	0.000000697973900	0.000000014094725
0.000010520000000	0.000000685991169	0.000000013968485
0.000010560000000	0.000000671811897	0.000000013815859
0.000010600000000	0.000000653130162	0.000000013618229
0.000010640000000	0.000000657086212	0.000000013656064
0.000010680000000	0.000000667500727	0.000000013770504
0.000010720000000	0.000000640087274	0.000000013487669
0.000010760000000	0.000000637885045	0.000000013482584
0.000010800000000	0.000000616575422	0.000000013218764
0.000010840000000	0.000000599729421	0.000000013051947
0.000010880000000	0.000000615728336	0.000000013223880
0.000010920000000	0.000000602936875	0.000000013084539
0.000010960000000	0.000000608657635	0.000000013161787
0.000011000000000	0.000000591063524	0.000000012940165
0.000011040000000	0.000000581960109	0.000000012860825
0.000011080000000	0.000000570086758	0.000000012713911
0.000011120000000	0.000000570162984	0.000000012741622
0.000011160000000	0.000000554645145	0.000000012544955
0.000011200000000	0.000000557043869	0.000000012573964
0.000011240000000	0.000000530860087	0.000000012252336
0.000011280000000	0.000000556841687	0.000000012572740
0.000011320000000	0.000000541006598	0.000000012403440
0.000011360000000	0.000000541236247	0.000000012390194
0.000011400000000	0.000000529903622	0.000000012266607
0.000011440000000	0.000000528608613	0.000000012253175
0.000011480000000	0.000000521647292	0.000000012177328
0.000011520000000	0.000000535274949	0.000000012317349
0.000011560000000	0.000000504785200	0.000000011964222
0.000011600000000	0.000000493534488	0.000000011842296
0.000011640000000	0.000000490545793	0.000000011788084
0.000011680000000	0.000000495731029	0.000000011871726
0.000011720000000	0.000000491119187	0.000000011830946
0.000011760000000	0.000000474584748	0.000000011636368
0.000011800000000	0.000000473317206	0.000000011606743
0.000011840000000	0.000000458269069	0.000000011419704
0.000011880000000	0.000000472366428	0.000000011597656
0.000011920000000	0.000000465487020	0.000000011523770
0.000011960000000	0.000000459564077	0.000000011434116
0.000012000000000	0.000000456815921	0.000000011367950
0.000012040000000	0.000000465853515	0.000000011484555
0.000012080000000	0.000000448149539	0.000000011293677
0.000012120000000	0.000000431943239	0.000000011060611
0.000012160000000	0.000000433882666	0.000000011123070
0.000012200000000	0.000000422003627	0.000000010978440
0.000012240000000	0.000000410906338	0.000000010797671
0.000012280000000	0.000000433445632	0.000000011106700
0.000012320000000	0.000000418741726	0.000000010916522
0.000012360000000	0.000000412632692	0.000000010855584
0.000012400000000	0.000000411633154	0.000000010796677
0.000012440000000	0.000000409409147	0.000000010780981
0.000012480000000	0.000000390858570	0.000000010525905
0.000012520000000	0.000000387356131	0.000000010472185
0.000012560000000	0.000000399814250	0.000000010644941
0.000012600000000	0.000000390770969	0.000000010545654
0.000012640000000	0.000000398551910	0.000000010643671
0.000012680000000	0.000000390820214	0.000000010538175
0.000012720000000	0.000000397568464	0.000000010619537
0.000012760000000	0.000000372624758	0.000000010287737
0.000012800000000	0.000000372116701	0.000000010267901
0.000012840000000	0.000000365340985	0.000000010201353
0.000012880000000	0.000000364226380	0.000000010176811
0.000012920000000	0.000000361330488	0.000000010125800
0.000012960000000	0.000000361789300	0.000000010153682
0.000013000000000	0.000000346091058	0.000000009914382
0.000013040000000	0.000000336610744	0.000000009789133
0.000013080000000	0.000000353762619	0.000000010029281
0.000013120000000	0.000000334048193	0.000000009737001
0.000013160000000	0.000000346910678	0.000000009925668
0.000013200000000	0.000000337299205	0.000000009801230
0.000013240000000	0.000000345107612	0.000000009888468
0.000013280000000	0.000000325376608	0.000000009615847
0.000013320000000	0.000000341222586	0.000000009838380
0.000013360000000	0.000000320579160	0.000000009539765
0.000013400000000	0.000000324354806	0.000000009602593
0.000013440000000	0.000000315317213	0.000000009462826
0.000013480000000	0.000000314049670	0.000000009426372
0.000013520000000	0.000000307039104	0.000000009336016
0.000013560000000	0.000000315612198	0.000000009477408
0.000013600000000	0.000000325376608	0.000000009615847
0.000013640000000	0.000000305012077	0.000000009283952
0.000013680000000	0.000000302869982	0.000000009273495
0.000013720000000	0.000000302815535	0.000000009246290
0.000013760000000	0.000000293843278	0.000000009134209
0.000013800000000	0.000000273965025	0.000000008795865
0.000013840000000	0.000000305842586	0.000000009301423
0.000013880000000	0.000000289089388	0.000000009076313
0.000013920000000	0.000000265309532	0.000000008705450
0.000013960000000	0.000000294198398	0.000000009146203
0.000014000000000	0.000000274516640	0.000000008841835
0.000014040000000	0.000000285281073	0.000000008993024
0.000014080000000	0.000000257129913	0.000000008549012
0.000014120000000	0.000000268921351	0.000000008757756
0.000014160000000	0.000000258730797	0.000000008590222
0.000014200000000	0.000000254141219	0.000000008473757
0.000014240000000	0.000000260288122	0.000000008607853
0.000014280000000	0.000000251135947	0.000000008425170
0.000014320000000	0.000000244792063	0.000000008326082
0.000014360000000	0.000000255315958	0.000000008499867
0.000014400000000	0.000000259293787	0.000000008572118
0.000014440000000	0.000000255944284	0.000000008517138
0.000014480000000	0.000000259643219	0.000000008617496
0.000014520000000	0.000000254031839	0.000000008486410
0.000014560000000	0.000000232962269	0.000000008122157
0.000014600000000	0.000000238136616	0.000000008236966
0.000014640000000	0.000000232891245	0.000000008119457
0.000014680000000	0.000000237890876	0.000000008210588
0.000014720000000	0.000000232431948	0.000000008159807
0.000014760000000	0.000000229770907	0.000000008116642
0.000014800000000	0.000000237475621	0.000000008200695
0.000014840000000	0.000000226738654	0.000000008012225
0.000014880000000	0.000000229683791	0.000000008066829
0.000014920000000	0.000000227104663	0.000000008032172
0.000014960000000	0.000000217619147	0.000000007834948
0.000015000000000	0.000000220334635	0.000000007911563
0.000015040000000	0.000000212477468	0.000000007733727
0.000015080000000	0.000000226011837	0.000000008013565
0.000015120000000	0.000000220717221	0.000000007902712
0.000015160000000	0.000000206996761	0.000000007666661
0.000015200000000	0.000000212083993	0.000000007736260
0.000015240000000	0.000000218930247	0.000000007904307
0.000015280000000	0.000000204750975	0.000000007631348
0.000015320000000	0.000000204537903	0.000000007622723
0.000015360000000	0.000000193063229	0.000000007414240
0.000015400000000	0.000000191653639	0.000000007361703
0.000015440000000	0.000000201893438	0.000000007546082
0.000015480000000	0.000000197915125	0.000000007545342
0.000015520000000	0.000000192888513	0.000000007387892
0.000015560000000	0.000000194003118	0.000000007421661
0.000015600000000	0.000000185725009	0.000000007259282
0.000015640000000	0.000000202379717	0.000000007559732
0.000015680000000	0.000000178539727	0.000000007114201
0.000015720000000	0.000000189593458	0.000000007358345
0.000015760000000	0.000000191593504	0.000000007365568
0.000015800000000	0.000000195953919	0.000000007439428
0.000015840000000	0.000000179774601	0.000000007141298
0.000015880000000	0.000000192260187	0.000000007367974
0.000015920000000	0.000000189429631	0.000000007338664
0.000015960000000	0.000000186593874	0.000000007263843
0.000016000000000	0.000000178752798	0.000000007123442
0.000016040000000	0.000000172195842	0.000000006996572
0.000016080000000	0.000000172234198	0.000000006978077
0.000016120000000	0.000000167420173	0.000000006906241
0.000016160000000	0.000000172550962	0.000000007012224
0.000016200000000	0.000000171556626	0.000000006968310
0.000016240000000	0.000000169846363	0.000000006932939
0.000016280000000	0.000000164770021	0.000000006862534
0.000016320000000	0.000000174179312	0.000000007036929
0.000016360000000	0.000000153798203	0.000000006611023
0.000016400000000	0.000000161295048	0.000000006753304
0.000016440000000	0.000000156732451	0.000000006669545
0.000016480000000	0.000000172753145	0.000000007014419
0.000016520000000	0.000000158333334	0.000000006722287
0.000016560000000	0.000000153677934	0.000000006619627
0.000016600000000	0.000000149639971	0.000000006530154
0.000016640000000	0.000000156349865	0.000000006680029
0.000016680000000	0.000000163939512	0.000000006838836
0.000016720000000	0.000000145580229	0.000000006423771
0.000016760000000	0.000000163278518	0.000000006795106
0.000016800000000	0.000000147591165	0.000000006439872
0.000016840000000	0.000000146421627	0.000000006456802
0.000016880000000	0.000000140116099	0.000000006306504
0.000016920000000	0.000000150508836	0.000000006535224
0.000016960000000	0.000000133417095	0.000000006155720
0.000017000000000	0.000000159475405	0.000000006732757
0.000017040000000	0.000000138750066	0.000000006276845
0.000017080000000	0.000000145175864	0.000000006418976
0.000017120000000	0.000000143383687	0.000000006369217
0.000017160000000	0.000000140421974	0.000000006336320
0.000017200000000	0.000000138597129	0.000000006261814
0.000017240000000	0.000000135520833	0.000000006192366
0.000017280000000	0.000000132788768	0.000000006131801
0.000017320000000	0.000000129521179	0.000000006066634
0.000017360000000	0.000000131340822	0.000000006089429
0.000017400000000	0.000000124128073	0.000000005946013
0.000017440000000	0.000000119937173	0.000000005830098
0.000017480000000	0.000000125980384	0.000000005994537
0.000017520000000	0.000000129155170	0.000000006040200
0.000017560000000	0.000000118773323	0.000000005800658
0.000017600000000	0.000000131575673	0.000000006116719
0.000017640000000	0.000000128679781	0.000000006031466
0.000017680000000	0.000000131685053	0.000000006099151
0.000017720000000	0.000000137536971	0.000000006262113
0.000017760000000	0.000000119969841	0.000000005855968
0.000017800000000	0.000000120598168	0.000000005881009
0.000017840000000	0.000000122598214	0.000000005890044
0.000017880000000	0.000000122904089	0.000000005921956
0.000017920000000	0.000000114735360	0.000000005698340
0.000017960000000	0.000000124106294	0.000000005929041
0.000018000000000	0.000000121669215	0.000000005889252
0.000018040000000	0.000000106397116	0.000000005490366
0.000018080000000	0.000000110626372	0.000000005590231
0.000018120000000	0.000000117882679	0.000000005777530
0.000018160000000	0.000000121483609	0.000000005847436
0.000018200000000	0.000000109626349	0.000000005585473
0.000018240000000	0.000000113156255	0.000000005653876
0.000018280000000	0.000000108866864	0.000000005560276
0.000018320000000	0.000000109320474	0.000000005551627
0.000018360000000	0.000000110008935	0.000000005572930
0.000018400000000	0.000000104839791	0.000000005462682
0.000018440000000	0.000000110555348	0.000000005586308
0.000018480000000	0.000000105697766	0.000000005459521
0.000018520000000	0.000000107692125	0.000000005520279
0.000018560000000	0.000000105304290	0.000000005463109
0.000018600000000	0.000000105899948	0.000000005462340
0.000018640000000	0.000000111691732	0.000000005648759
0.000018680000000	0.000000102430177	0.000000005386226
0.000018720000000	0.000000102025812	0.000000005380507
0.000018760000000	0.000000112560597	0.000000005654619
0.000018800000000	0.000000106577520	0.000000005474794
0.000018840000000	0.000000102583115	0.000000005403694
0.000018880000000	0.000000096933379	0.000000005216923
0.000018920000000	0.000000106052886	0.000000005479565
0.000018960000000	0.000000095496322	0.000000005176797
0.000019000000000	0.000000089933702	0.000000005061795
0.000019040000000	0.000000095813086	0.000000005222734
0.000019080000000	0.000000088819097	0.000000005012151
0.000019120000000	0.000000099184367	0.000000005330857
0.000019160000000	0.000000094414386	0.000000005157657
0.000019200000000	0.000000097916825	0.000000005265877
0.000019240000000	0.000000088414732	0.000000005006004
0.000019280000000	0.000000095113736	0.000000005190298
0.000019320000000	0.000000097392191	0.000000005270836
0.000019360000000	0.000000100752582	0.000000005368616
0.000019400000000	0.000000088294463	0.000000005017361
0.000019440000000	0.000000084611619	0.000000004921040
0.000019480000000	0.000000090884480	0.000000005082581
0.000019520000000	0.000000086611666	0.000000004931834
0.000019560000000	0.000000085704446	0.000000004951283
0.000019600000000	0.000000084223831	0.000000004867757
0.000019640000000	0.000000090114105	0.000000005044900
0.000019680000000	0.000000085338436	0.000000004918858
0.000019720000000	0.000000084923182	0.000000004902328
0.000019760000000	0.000000087879208	0.000000005001156
0.000019800000000	0.000000089223462	0.000000005018290
0.000019840000000	0.000000082819443	0.000000004855956
0.000019880000000	0.000000085955873	0.000000004938451
0.000019920000000	0.000000080027243	0.000000004784434
0.000019960000000	0.000000086595089	0.000000004978251
0.000020000000000	0.000000080622901	0.000000004783556
0.000020040000000	0.000000083092650	0.000000004863635
0.000020080000000	0.000000085420350	0.000000004933537
0.000020120000000	0.000000077475582	0.000000004687605
0.000020160000000	0.000000090146774	0.000000005074773
0.000020200000000	0.000000075492112	0.000000004626802
0.000020240000000	0.000000071585308	0.000000004496408
0.000020280000000	0.000000077546606	0.000000004692280
0.000020320000000	0.000000082344054	0.000000004845088
0.000020360000000	0.000000081825107	0.000000004792324
0.000020400000000	0.000000086966786	0.000000004954013
0.000020440000000	0.000000076869034	0.000000004677742
0.000020480000000	0.000000073295571	0.000000004550757
0.000020520000000	0.000000076109549	0.000000004647626
0.000020560000000	0.000000067498100	0.000000004381647
0.000020600000000	0.000000067224893	0.000000004373121
0.000020640000000	0.000000068437988	0.000000004394192
0.000020680000000	0.000000072486841	0.000000004537205
0.000020720000000	0.000000066039264	0.000000004310479
0.000020760000000	0.000000072213634	0.000000004528972
0.000020800000000	0.000000066798749	0.000000004342933
0.000020840000000	0.000000070634530	0.000000004472899
0.000020880000000	0.000000062154238	0.000000004194301
0.000020920000000	0.000000066891552	0.000000004371094
0.000020960000000	0.000000066142956	0.000000004350447
0.000021000000000	0.000000072191855	0.000000004506667
0.000021040000000	0.000000066000908	0.000000004340355
0.000021080000000	0.000000070088117	0.000000004456180
0.000021120000000	0.000000071251967	0.000000004494437
0.000021160000000	0.000000066962576	0.000000004376107
0.000021200000000	0.000000070230165	0.000000004466010
0.000021240000000	0.000000063460136	0.000000004245266
0.000021280000000	0.000000063793477	0.000000004247353
0.000021320000000	0.000000068093758	0.000000004380688
0.000021360000000	0.000000064957328	0.000000004287473
0.000021400000000	0.000000060148990	0.000000004101740
0.000021440000000	0.000000057285766	0.000000004011349
0.000021480000000	0.000000057340214	0.000000004073668
0.000021520000000	0.000000057165497	0.000000004025513
0.000021560000000	0.000000058056141	0.000000004058637
0.000021600000000	0.000000057296656	0.000000004023890
0.000021640000000	0.000000055466124	0.000000003976659
0.000021680000000	0.000000062023080	0.000000004195858
0.000021720000000	0.000000064126819	0.000000004249439
0.000021760000000	0.000000057853958	0.000000004054842
0.000021800000000	0.000000055466124	0.000000003976659
0.000021840000000	0.000000055586393	0.000000003962321
0.000021880000000	0.000000056203830	0.000000003986618
0.000021920000000	0.000000063257954	0.000000004241638
0.000021960000000	0.000000053734082	0.000000003888519
0.000022000000000	0.000000056963315	0.000000004021687
0.000022040000000	0.000000062378200	0.000000004221906
0.000022080000000	0.000000059990365	0.000000004146874
0.000022120000000	0.000000053127534	0.000000003876623
0.000022160000000	0.000000058897539	0.000000004110717
0.000022200000000	0.000000048067769	0.000000003687404
0.000022240000000	0.000000056001647	0.000000003982754
0.000022280000000	0.000000055242162	0.000000003947340
0.000022320000000	0.000000055182028	0.000000003954543
0.000022360000000	0.000000059482308	0.000000004097417
0.000022400000000	0.000000055324076	0.000000003965616
0.000022440000000	0.000000054635615	0.000000003935622
0.000022480000000	0.000000054018178	0.000000003911009
0.000022520000000	0.000000045346593	0.000000003598792
0.000022560000000	0.000000048767119	0.000000003732922
0.000022600000000	0.000000045800203	0.000000003585414
0.000022640000000	0.000000054160226	0.000000003922205
0.000022680000000	0.000000050799834	0.000000003787264
0.000022720000000	0.000000050750589	0.000000003808025
0.000022760000000	0.000000051761502	0.000000003828185
0.000022800000000	0.000000055706662	0.000000003947930
0.000022840000000	0.000000050657786	0.000000003775667
0.000022880000000	0.000000048723562	0.000000003678537
0.000022920000000	0.000000044242878	0.000000003542875
0.000022960000000	0.000000047056856	0.000000003666471
0.000023000000000	0.000000050335335	0.000000003786649
0.000023040000000	0.000000047127880	0.000000003672446
0.000023080000000	0.000000044647243	0.000000003551555
0.000023120000000	0.000000046357506	0.000000003620117
0.000023160000000	0.000000043647220	0.000000003544061
0.000023200000000	0.000000045832872	0.000000003627327
0.000023240000000	0.000000043483393	0.000000003503016
0.000023280000000	0.000000048291730	0.000000003718774
0.000023320000000	0.000000044931339	0.000000003576165
0.000023360000000	0.000000045690824	0.000000003615217
0.000023400000000	0.000000045882117	0.000000003605526
0.000023440000000	0.000000049859945	0.000000003772702
0.000023480000000	0.000000047248149	0.000000003656915
0.000023520000000	0.000000041794909	0.000000003461352
0.000023560000000	0.000000047805452	0.000000003690946
0.000023600000000	0.000000049707008	0.000000003747640
0.000023640000000	0.000000041997091	0.000000003465797
0.000023680000000	0.000000042723908	0.000000003462699
0.000023720000000	0.000000036522072	0.000000003227715
0.000023760000000	0.000000044100830	0.000000003530476
0.000023800000000	0.000000050395469	0.000000003779126
0.000023840000000	0.000000036571317	0.000000003203195
0.000023880000000	0.000000041702106	0.000000003425721
0.000023920000000	0.000000041510813	0.000000003435920
0.000023960000000	0.000000032686291	0.000000003045060
0.000024000000000	0.000000041592726	0.000000003456902
0.000024040000000	0.000000035713342	0.000000003208580
0.000024080000000	0.000000039101199	0.000000003313018
0.000024120000000	0.000000039920819	0.000000003346642
0.000024160000000	0.000000041237606	0.000000003425041
0.000024200000000	0.000000037461960	0.000000003244724
0.000024240000000	0.000000037756946	0.000000003287007
0.000024280000000	0.000000034254506	0.000000003110689
0.000024320000000	0.000000037543874	0.000000003266934
0.000024360000000	0.000000040407097	0.000000003377308
0.000024400000000	0.000000038079397	0.000000003274351
0.000024440000000	0.000000041379654	0.000000003437821
0.000024480000000	0.000000040680304	0.000000003388341
0.000024520000000	0.000000034822698	0.000000003166577
0.000024560000000	0.000000039265026	0.000000003356387
0.000024600000000	0.000000036735144	0.000000003248030
0.000024640000000	0.000000034112458	0.000000003096559
0.000024680000000	0.000000032555132	0.000000003047204
0.000024720000000	0.000000040417987	0.000000003392194
0.000024760000000	0.000000040631059	0.000000003411530
0.000024800000000	0.000000034467578	0.000000003131764
0.000024840000000	0.000000042401456	0.000000003474669
0.000024880000000	0.000000032473219	0.000000003023381
0.000024920000000	0.000000034396554	0.000000003124755
0.000024960000000	0.000000037412715	0.000000003268933