#Bin Center	Bin Content	Bin Error
0.500000000000000	0.000000000000000	0.000000000000000
1.500000000000000	0.000000000000000	0.000000000000000
2.500000000000000	0.000000000000000	0.000000000000000
3.500000000000000	0.000000000000000	0.000000000000000
4.500000000000000	0.000000000000000	0.000000000000000
5.500000000000000	0.000000000000000	0.000000000000000
6.500000000000000	0.000000000000000	0.000000000000000
7.500000000000000	0.000000000000000	0.000000000000000
8.500000000000000	0.000000000000000	0.000000000000000
9.500000000000000	0.000000000000000	0.000000000000000
10.500000000000000	0.000000000000000	0.000000000000000
11.500000000000000	0.000000000000000	0.000000000000000
12.500000000000000	0.000000000000000	0.000000000000000
13.500000000000000	0.000000000000000	0.000000000000000
14.500000000000000	0.000000000000000	0.000000000000000
15.500000000000000	0.000000000000000	0.000000000000000
16.500000000000000	0.000000000000000	0.000000000000000
17.500000000000000	0.000000000000000	0.000000000000000
18.500000000000000	0.000000000000000	0.000000000000000
19.500000000000000	0.000000000000000	0.000000000000000
20.500000000000000	0.000000000000000	0.000000000000000
21.500000000000000	0.000000000000000	0.000000000000000
22.500000000000000	0.000000000000000	0.000000000000000
23.500000000000000	0.000000000000000	0.000000000000000
24.500000000000000	0.000000000000000	0.000000000000000
25.500000000000000	0.000000000000000	0.000000000000000
26.500000000000000	0.000000000000000	0.000000000000000
27.500000000000000	0.000000000000000	0.000000000000000
28.500000000000000	0.000000000000000	0.000000000000000
29.500000000000000	0.000000000000000	0.000000000000000
30.500000000000000	0.000000000000000	0.000000000000000
31.500000000000000	0.000000000000000	0.000000000000000
32.500000000000000	0.000000000000000	0.000000000000000
33.500000000000000	0.000000000000000	0.000000000000000
34.500000000000000	0.000000000000000	0.000000000000000
35.500000000000000	0.000000000000000	0.000000000000000
36.500000000000000	0.000000000000000	0.000000000000000
37.500000000000000	0.000000000000000	0.000000000000000
38.500000000000000	0.000000000000000	0.000000000000000
39.500000000000000	0.000000000000000	0.000000000000000
40.500000000000000	0.000000000000000	0.000000000000000
41.500000000000000	0.000000000000000	0.000000000000000
42.500000000000000	0.000000000000000	0.000000000000000
43.500000000000000	0.000000000000000	0.000000000000000
44.500000000000000	0.000000000000000	0.000000000000000
45.500000000000000	0.000000000000000	0.000000000000000
46.500000000000000	0.000000000000000	0.000000000000000
47.500000000000000	0.000000000000000	0.000000000000000
48.500000000000000	0.000000000000000	0.000000000000000
49.500000000000000	0.000000000000000	0.000000000000000
50.500000000000000	0.000000151794653	0.000000133870301
51.500000000000000	-0.000000101196435	0.000000160005613
52.500000000000000	0.000000404785741	0.000000160005613
53.500000000000000	0.000000101196435	0.000000160005613
54.500000000000000	0.000000000000000	0.000000123939815
55.500000000000000	0.000000101196435	0.000000143113371
56.500000000000000	0.000000455383959	0.000000167815303
57.500000000000000	0.000000000000000	0.000000175277368
58.500000000000000	0.000000303589306	0.000000160005613
59.500000000000000	0.000000202392871	0.000000160005613
60.500000000000000	0.000000252991088	0.000000182434468
61.500000000000000	0.000000202392871	0.000000160005613
62.500000000000000	0.000000202392871	0.000000123939815
63.500000000000000	0.000000050598218	0.000000208621796
64.500000000000000	-0.000000050598218	0.000000133870301
65.500000000000000	0.000000303589306	0.000000226282108
66.500000000000000	-0.000000050598218	0.000000167815303
67.500000000000000	0.000000101196435	0.000000175277368
68.500000000000000	0.000000101196435	0.000000143113371
69.500000000000000	0.000000252991088	0.000000167815303
70.500000000000000	0.000000151794653	0.000000113141054
71.500000000000000	0.000000202392871	0.000000160005613
72.500000000000000	-0.000000101196435	0.000000143113371
73.500000000000000	0.000000000000000	0.000000101196435
74.500000000000000	-0.000000202392871	0.000000175277368
75.500000000000000	0.000000000000000	0.000000123939815
76.500000000000000	0.000000101196435	0.000000160005613
77.500000000000000	-0.000000050598218	0.000000151794653
78.500000000000000	0.000000202392871	0.000000123939815
79.500000000000000	0.000000252991088	0.000000167815303
80.500000000000000	0.000000151794653	0.000000208621796
81.500000000000000	-0.000000050598218	0.000000087638684
82.500000000000000	0.000000404785741	0.000000202392871
83.500000000000000	0.000000354187524	0.000000220552518
84.500000000000000	0.000000000000000	0.000000160005613
85.500000000000000	0.000000303589306	0.000000175277368
86.500000000000000	0.000000202392871	0.000000143113371
87.500000000000000	0.000000151794653	0.000000151794653
88.500000000000000	0.000000151794653	0.000000151794653
89.500000000000000	0.000000202392871	0.000000101196435
90.500000000000000	0.000000151794653	0.000000133870301
91.500000000000000	-0.000000151794653	0.000000167815303
92.500000000000000	-0.000000050598218	0.000000113141054
93.500000000000000	0.000000303589306	0.000000123939815
94.500000000000000	0.000000000000000	0.000000143113371
95.500000000000000	0.000000151794653	0.000000113141054
96.500000000000000	0.000000101196435	0.000000160005613
97.500000000000000	0.000000202392871	0.000000160005613
98.500000000000000	0.000000151794653	0.000000133870301
99.500000000000000	0.000000151794653	0.000000182434468
100.500000000000000	-0.000000202392871	0.000000175277368
101.500000000000000	0.000000000000000	0.000000143113371
102.500000000000000	0.000000000000000	0.000000160005613
103.500000000000000	0.000000101196435	0.000000123939815
104.500000000000000	0.000000151794653	0.000000113141054
105.500000000000000	-0.000000050598218	0.000000151794653
106.500000000000000	0.000000151794653	0.000000087638684
107.500000000000000	0.000000151794653	0.000000133870301
108.500000000000000	-0.000000151794653	0.000000133870301
109.500000000000000	0.000000050598218	0.000000195966054
110.500000000000000	0.000000151794653	0.000000151794653
111.500000000000000	0.000000151794653	0.000000195966054
112.500000000000000	-0.000000101196435	0.000000143113371
113.500000000000000	-0.000000101196435	0.000000143113371
114.500000000000000	-0.000000050598218	0.000000151794653
115.500000000000000	0.000000354187524	0.000000167815303
116.500000000000000	0.000000151794653	0.000000195966054
117.500000000000000	-0.000000101196435	0.000000160005613
118.500000000000000	0.000000151794653	0.000000087638684
119.500000000000000	0.000000101196435	0.000000143113371
120.500000000000000	0.000000354187524	0.000000151794653
121.500000000000000	0.000000000000000	0.000000143113371
122.500000000000000	0.000000050598218	0.000000208621796
123.500000000000000	0.000000000000000	0.000000123939815
124.500000000000000	0.000000303589306	0.000000123939815
125.500000000000000	0.000000101196435	0.000000160005613
126.500000000000000	0.000000151794653	0.000000113141054
127.500000000000000	0.000000354187524	0.000000133870301
128.500000000000000	-0.000000050598218	0.000000087638684
129.500000000000000	-0.000000050598218	0.000000133870301
130.500000000000000	0.000000151794653	0.000000167815303
131.500000000000000	0.000000050598218	0.000000167815303
132.500000000000000	0.000000556580394	0.000000167815303
133.500000000000000	0.000000050598218	0.000000151794653
134.500000000000000	0.000000151794653	0.000000133870301
135.500000000000000	0.000000202392871	0.000000175277368
136.500000000000000	-0.000000101196435	0.000000143113371
137.500000000000000	0.000000151794653	0.000000195966054
138.500000000000000	0.000000151794653	0.000000167815303
139.500000000000000	0.000000252991088	0.000000133870301
140.500000000000000	0.000000101196435	0.000000143113371
141.500000000000000	0.000000455383959	0.000000195966054
142.500000000000000	0.000000101196435	0.000000175277368
143.500000000000000	0.000000303589306	0.000000143113371
144.500000000000000	0.000000202392871	0.000000175277368
145.500000000000000	0.000000151794653	0.000000151794653
146.500000000000000	0.000000505982177	0.000000175277368
147.500000000000000	0.000000303589306	0.000000160005613
148.500000000000000	0.000000252991088	0.000000167815303
149.500000000000000	-0.000000202392871	0.000000160005613
150.500000000000000	0.000000202392871	0.000000123939815
151.500000000000000	0.000000101196435	0.000000123939815
152.500000000000000	0.000000202392871	0.000000160005613
153.500000000000000	0.000000101196435	0.000000143113371
154.500000000000000	0.000000354187524	0.000000195966054
155.500000000000000	0.000000404785741	0.000000175277368
156.500000000000000	0.000000101196435	0.000000143113371
157.500000000000000	0.000000303589306	0.000000175277368
158.500000000000000	-0.000000050598218	0.000000151794653
159.500000000000000	0.000000000000000	0.000000123939815
160.500000000000000	-0.000000050598218	0.000000113141054
161.500000000000000	0.000000202392871	0.000000101196435
162.500000000000000	0.000000101196435	0.000000123939815
163.500000000000000	0.000000303589306	0.000000143113371
164.500000000000000	0.000000050598218	0.000000133870301
165.500000000000000	0.000000050598218	0.000000113141054
166.500000000000000	0.000000354187524	0.000000151794653
167.500000000000000	0.000000252991088	0.000000151794653
168.500000000000000	0.000000303589306	0.000000189321195
169.500000000000000	0.000000000000000	0.000000143113371
170.500000000000000	0.000000000000000	0.000000143113371
171.500000000000000	0.000000050598218	0.000000151794653
172.500000000000000	0.000000303589306	0.000000143113371
173.500000000000000	-0.000000050598218	0.000000167815303
174.500000000000000	0.000000404785741	0.000000143113371
175.500000000000000	0.000000151794653	0.000000133870301
176.500000000000000	0.000000354187524	0.000000151794653
177.500000000000000	0.000000202392871	0.000000123939815
178.500000000000000	0.000000000000000	0.000000143113371
179.500000000000000	-0.000000151794653	0.000000151794653
180.500000000000000	0.000000354187524	0.000000167815303
181.500000000000000	0.000000101196435	0.000000123939815
182.500000000000000	0.000000000000000	0.000000123939815
183.500000000000000	0.000000303589306	0.000000160005613
184.500000000000000	0.000000101196435	0.000000101196435
185.500000000000000	0.000000050598218	0.000000167815303
186.500000000000000	0.000000303589306	0.000000123939815
187.500000000000000	-0.000000151794653	0.000000151794653
188.500000000000000	0.000000050598218	0.000000087638684
189.500000000000000	0.000000354187524	0.000000133870301
190.500000000000000	-0.000000050598218	0.000000167815303
191.500000000000000	0.000000050598218	0.000000151794653
192.500000000000000	0.000000252991088	0.000000151794653
193.500000000000000	0.000000050598218	0.000000151794653
194.500000000000000	0.000000151794653	0.000000113141054
195.500000000000000	0.000000202392871	0.000000101196435
196.500000000000000	0.000000101196435	0.000000160005613
197.500000000000000	0.000000252991088	0.000000167815303
198.500000000000000	0.000000303589306	0.000000143113371
199.500000000000000	0.000000000000000	0.000000101196435
200.500000000000000	0.000000252991088	0.000000151794653
201.500000000000000	0.000000202392871	0.000000160005613
202.500000000000000	0.000000050598218	0.000000113141054
203.500000000000000	0.000000000000000	0.000000123939815
204.500000000000000	0.000000151794653	0.000000167815303
205.500000000000000	0.000000101196435	0.000000123939815
206.500000000000000	-0.000000050598218	0.000000133870301
207.500000000000000	0.000000151794653	0.000000133870301
208.500000000000000	0.000000202392871	0.000000123939815
209.500000000000000	0.000000202392871	0.000000143113371
210.500000000000000	0.000000101196435	0.000000123939815
211.500000000000000	0.000000202392871	0.000000143113371
212.500000000000000	0.000000050598218	0.000000113141054
213.500000000000000	0.000000050598218	0.000000133870301
214.500000000000000	0.000000252991088	0.000000151794653
215.500000000000000	0.000000000000000	0.000000143113371
216.500000000000000	0.000000151794653	0.000000133870301
217.500000000000000	0.000000000000000	0.000000143113371
218.500000000000000	0.000000151794653	0.000000151794653
219.500000000000000	0.000000151794653	0.000000133870301
220.500000000000000	0.000000050598218	0.000000151794653
221.500000000000000	0.000000252991088	0.000000133870301
222.500000000000000	0.000000000000000	0.000000143113371
223.500000000000000	0.000000202392871	0.000000101196435
224.500000000000000	-0.000000151794653	0.000000113141054
225.500000000000000	0.000000151794653	0.000000151794653
226.500000000000000	0.000000303589306	0.000000160005613
227.500000000000000	0.000000151794653	0.000000133870301
228.500000000000000	0.000000101196435	0.000000143113371
229.500000000000000	0.000000101196435	0.000000143113371
230.500000000000000	0.000000101196435	0.000000101196435
231.500000000000000	0.000000101196435	0.000000143113371
232.500000000000000	0.000000151794653	0.000000151794653
233.500000000000000	0.000000556580394	0.000000167815303
234.500000000000000	0.000000151794653	0.000000113141054
235.500000000000000	0.000000000000000	0.000000160005613
236.500000000000000	0.000000050598218	0.000000167815303
237.500000000000000	-0.000000101196435	0.000000101196435
238.500000000000000	0.000000151794653	0.000000167815303
239.500000000000000	-0.000000151794653	0.000000151794653
240.500000000000000	0.000000252991088	0.000000133870301
241.500000000000000	0.000000202392871	0.000000160005613
242.500000000000000	0.000000151794653	0.000000113141054
243.500000000000000	0.000000151794653	0.000000167815303
244.500000000000000	0.000000303589306	0.000000143113371
245.500000000000000	-0.000000151794653	0.000000133870301
246.500000000000000	0.000000000000000	0.000000123939815
247.500000000000000	0.000000151794653	0.000000195966054
248.500000000000000	0.000000151794653	0.000000151794653
249.500000000000000	0.000000354187524	0.000000167815303
250.500000000000000	0.000000303589306	0.000000175277368
251.500000000000000	0.000000202392871	0.000000160005613
252.500000000000000	0.000000303589306	0.000000143113371
253.500000000000000	0.000000101196435	0.000000123939815
254.500000000000000	0.000000202392871	0.000000160005613
255.500000000000000	0.000000252991088	0.000000151794653
256.500000000000000	0.000000151794653	0.000000113141054
257.500000000000000	0.000000354187524	0.000000133870301
258.500000000000000	0.000000202392871	0.000000123939815
259.500000000000000	0.000000252991088	0.000000151794653
260.500000000000000	0.000000151794653	0.000000133870301
261.500000000000000	0.000000303589306	0.000000202392871
262.500000000000000	0.000000050598218	0.000000133870301
263.500000000000000	-0.000000101196435	0.000000123939815
264.500000000000000	-0.000000151794653	0.000000133870301
265.500000000000000	0.000000151794653	0.000000195966054
266.500000000000000	0.000000455383959	0.000000182434468
267.500000000000000	-0.000000050598218	0.000000151794653
268.500000000000000	-0.000000151794653	0.000000167815303
269.500000000000000	0.000000151794653	0.000000151794653
270.500000000000000	0.000000101196435	0.000000143113371
271.500000000000000	0.000000000000000	0.000000143113371
272.500000000000000	0.000000050598218	0.000000151794653
273.500000000000000	0.000000252991088	0.000000133870301
274.500000000000000	0.000000151794653	0.000000151794653
275.500000000000000	0.000000000000000	0.000000123939815
276.500000000000000	0.000000202392871	0.000000123939815
277.500000000000000	0.000000455383959	0.000000182434468
278.500000000000000	0.000000050598218	0.000000133870301
279.500000000000000	0.000000151794653	0.000000133870301
280.500000000000000	0.000000202392871	0.000000189321195
281.500000000000000	-0.000000050598218	0.000000133870301
282.500000000000000	0.000000202392871	0.000000160005613
283.500000000000000	0.000000202392871	0.000000143113371
284.500000000000000	0.000000000000000	0.000000160005613
285.500000000000000	0.000000151794653	0.000000113141054
286.500000000000000	0.000000151794653	0.000000113141054
287.500000000000000	0.000000202392871	0.000000143113371
288.500000000000000	0.000000000000000	0.000000123939815
289.500000000000000	-0.000000050598218	0.000000133870301
290.500000000000000	0.000000202392871	0.000000143113371
291.500000000000000	0.000000303589306	0.000000143113371
292.500000000000000	0.000000151794653	0.000000133870301
293.500000000000000	0.000000151794653	0.000000113141054
294.500000000000000	0.000000050598218	0.000000151794653
295.500000000000000	-0.000000151794653	0.000000151794653
296.500000000000000	0.000000404785741	0.000000143113371
297.500000000000000	0.000000303589306	0.000000143113371
298.500000000000000	0.000000202392871	0.000000143113371
299.500000000000000	0.000000303589306	0.000000160005613
300.500000000000000	-0.000000101196435	0.000000123939815
301.500000000000000	0.000000101196435	0.000000143113371
302.500000000000000	0.000000050598218	0.000000113141054
303.500000000000000	0.000000252991088	0.000000151794653
304.500000000000000	0.000000050598218	0.000000167815303
305.500000000000000	0.000000354187524	0.000000133870301
306.500000000000000	0.000000101196435	0.000000175277368
307.500000000000000	-0.000000202392871	0.000000123939815
308.500000000000000	0.000000202392871	0.000000123939815
309.500000000000000	0.000000050598218	0.000000113141054
310.500000000000000	0.000000202392871	0.000000160005613
311.500000000000000	0.000000151794653	0.000000167815303
312.500000000000000	0.000000303589306	0.000000160005613
313.500000000000000	0.000000252991088	0.000000151794653
314.500000000000000	0.000000202392871	0.000000160005613
315.500000000000000	0.000000151794653	0.000000151794653
316.500000000000000	0.000000000000000	0.000000101196435
317.500000000000000	0.000000101196435	0.000000143113371
318.500000000000000	0.000000101196435	0.000000123939815
319.500000000000000	0.000000252991088	0.000000133870301
320.500000000000000	0.000000101196435	0.000000143113371
321.500000000000000	0.000000101196435	0.000000189321195
322.500000000000000	0.000000050598218	0.000000167815303
323.500000000000000	0.000000252991088	0.000000167815303
324.500000000000000	0.000000252991088	0.000000167815303
325.500000000000000	0.000000202392871	0.000000143113371
326.500000000000000	0.000000000000000	0.000000143113371
327.500000000000000	0.000000101196435	0.000000143113371
328.500000000000000	0.000000404785741	0.000000189321195
329.500000000000000	0.000000101196435	0.000000160005613
330.500000000000000	0.000000303589306	0.000000143113371
331.500000000000000	0.000000354187524	0.000000151794653
332.500000000000000	0.000000000000000	0.000000175277368
333.500000000000000	0.000000252991088	0.000000151794653
334.500000000000000	0.000000000000000	0.000000123939815
335.500000000000000	0.000000252991088	0.000000182434468
336.500000000000000	-0.000000101196435	0.000000101196435
337.500000000000000	0.000000151794653	0.000000087638684
338.500000000000000	0.000000303589306	0.000000123939815
339.500000000000000	0.000000101196435	0.000000101196435
340.500000000000000	0.000000151794653	0.000000087638684
341.500000000000000	0.000000202392871	0.000000123939815
342.500000000000000	0.000000202392871	0.000000123939815
343.500000000000000	0.000000050598218	0.000000113141054
344.500000000000000	0.000000101196435	0.000000143113371
345.500000000000000	0.000000050598218	0.000000113141054
346.500000000000000	0.000000202392871	0.000000160005613
347.500000000000000	0.000000050598218	0.000000087638684
348.500000000000000	0.000000050598218	0.000000113141054
349.500000000000000	0.000000050598218	0.000000133870301
350.500000000000000	-0.000000050598218	0.000000133870301
351.500000000000000	0.000000252991088	0.000000182434468
352.500000000000000	0.000000202392871	0.000000143113371
353.500000000000000	0.000000101196435	0.000000123939815
354.500000000000000	0.000000404785741	0.000000143113371
355.500000000000000	0.000000455383959	0.000000151794653
356.500000000000000	0.000000354187524	0.000000182434468
357.500000000000000	0.000000151794653	0.000000133870301
358.500000000000000	0.000000252991088	0.000000167815303
359.500000000000000	0.000000050598218	0.000000151794653
360.500000000000000	0.000000202392871	0.000000101196435
361.500000000000000	0.000000151794653	0.000000133870301
362.500000000000000	0.000000151794653	0.000000151794653
363.500000000000000	0.000000404785741	0.000000143113371
364.500000000000000	0.000000050598218	0.000000087638684
365.500000000000000	0.000000151794653	0.000000151794653
366.500000000000000	0.000000202392871	0.000000143113371
367.500000000000000	0.000000252991088	0.000000151794653
368.500000000000000	0.000000101196435	0.000000101196435
369.500000000000000	-0.000000050598218	0.000000133870301
370.500000000000000	0.000000252991088	0.000000113141054
371.500000000000000	0.000000202392871	0.000000160005613
372.500000000000000	0.000000000000000	0.000000123939815
373.500000000000000	0.000000202392871	0.000000123939815
374.500000000000000	0.000000202392871	0.000000143113371
375.500000000000000	0.000000202392871	0.000000143113371
376.500000000000000	0.000000050598218	0.000000151794653
377.500000000000000	0.000000050598218	0.000000151794653
378.500000000000000	0.000000101196435	0.000000160005613
379.500000000000000	0.000000000000000	0.000000101196435
380.500000000000000	0.000000354187524	0.000000133870301
381.500000000000000	0.000000303589306	0.000000123939815
382.500000000000000	0.000000151794653	0.000000151794653
383.500000000000000	0.000000151794653	0.000000151794653
384.500000000000000	0.000000101196435	0.000000175277368
385.500000000000000	0.000000101196435	0.000000123939815
386.500000000000000	0.000000151794653	0.000000113141054
387.500000000000000	0.000000151794653	0.000000113141054
388.500000000000000	0.000000050598218	0.000000167815303
389.500000000000000	0.000000050598218	0.000000087638684
390.500000000000000	0.000000101196435	0.000000160005613
391.500000000000000	0.000000151794653	0.000000113141054
392.500000000000000	0.000000101196435	0.000000123939815
393.500000000000000	0.000000151794653	0.000000087638684
394.500000000000000	0.000000000000000	0.000000123939815
395.500000000000000	0.000000252991088	0.000000133870301
396.500000000000000	0.000000151794653	0.000000113141054
397.500000000000000	0.000000050598218	0.000000087638684
398.500000000000000	0.000000101196435	0.000000101196435
399.500000000000000	0.000000252991088	0.000000167815303
400.500000000000000	0.000000050598218	0.000000113141054
401.500000000000000	0.000000101196435	0.000000101196435
402.500000000000000	0.000000101196435	0.000000123939815
403.500000000000000	0.000000151794653	0.000000133870301
404.500000000000000	0.000000252991088	0.000000113141054
405.500000000000000	0.000000252991088	0.000000113141054
406.500000000000000	0.000000202392871	0.000000143113371
407.500000000000000	0.000000050598218	0.000000151794653
408.500000000000000	-0.000000101196435	0.000000143113371
409.500000000000000	-0.000000050598218	0.000000087638684
410.500000000000000	0.000000000000000	0.000000101196435
411.500000000000000	0.000000000000000	0.000000000000000
412.500000000000000	0.000000050598218	0.000000113141054
413.500000000000000	0.000000151794653	0.000000113141054
414.500000000000000	0.000000050598218	0.000000050598218
415.500000000000000	-0.000000050598218	0.000000113141054
416.500000000000000	0.000000151794653	0.000000113141054
417.500000000000000	-0.000000050598218	0.000000151794653
418.500000000000000	0.000000101196435	0.000000071556686
419.500000000000000	0.000000404785741	0.000000189321195
420.500000000000000	0.000000050598218	0.000000087638684
421.500000000000000	0.000000252991088	0.000000133870301
422.500000000000000	0.000000151794653	0.000000087638684
423.500000000000000	-0.000000151794653	0.000000113141054
424.500000000000000	-0.000000050598218	0.000000133870301
425.500000000000000	0.000000000000000	0.000000143113371
426.500000000000000	0.000000202392871	0.000000123939815
427.500000000000000	0.000000202392871	0.000000123939815
428.500000000000000	0.000000050598218	0.000000113141054
429.500000000000000	0.000000101196435	0.000000071556686
430.500000000000000	0.000000000000000	0.000000143113371
431.500000000000000	0.000000000000000	0.000000123939815
432.500000000000000	0.000000202392871	0.000000101196435
433.500000000000000	0.000000000000000	0.000000123939815
434.500000000000000	0.000000050598218	0.000000087638684
435.500000000000000	0.000000050598218	0.000000087638684
436.500000000000000	0.000000101196435	0.000000123939815
437.500000000000000	0.000000151794653	0.000000087638684
438.500000000000000	0.000000000000000	0.000000123939815
439.500000000000000	0.000000101196435	0.000000101196435
440.500000000000000	0.000000202392871	0.000000160005613
441.500000000000000	0.000000101196435	0.000000101196435
442.500000000000000	0.000000151794653	0.000000113141054
443.500000000000000	0.000000151794653	0.000000087638684
444.500000000000000	0.000000101196435	0.000000123939815
445.500000000000000	0.000000101196435	0.000000123939815
446.500000000000000	0.000000101196435	0.000000101196435
447.500000000000000	0.000000202392871	0.000000101196435
448.500000000000000	0.000000202392871	0.000000101196435
449.500000000000000	-0.000000101196435	0.000000123939815
450.500000000000000	0.000000151794653	0.000000113141054
451.500000000000000	0.000000151794653	0.000000087638684
452.500000000000000	0.000000050598218	0.000000087638684
453.500000000000000	0.000000303589306	0.000000160005613
454.500000000000000	0.000000252991088	0.000000151794653
455.500000000000000	0.000000101196435	0.000000123939815
456.500000000000000	-0.000000050598218	0.000000133870301
457.500000000000000	0.000000050598218	0.000000050598218
458.500000000000000	0.000000050598218	0.000000113141054
459.500000000000000	0.000000050598218	0.000000113141054
460.500000000000000	0.000000050598218	0.000000113141054
461.500000000000000	0.000000050598218	0.000000087638684
462.500000000000000	0.000000151794653	0.000000113141054
463.500000000000000	0.000000050598218	0.000000113141054
464.500000000000000	0.000000202392871	0.000000101196435
465.500000000000000	0.000000404785741	0.000000160005613
466.500000000000000	0.000000151794653	0.000000133870301
467.500000000000000	0.000000354187524	0.000000167815303
468.500000000000000	0.000000252991088	0.000000113141054
469.500000000000000	0.000000202392871	0.000000101196435
470.500000000000000	0.000000252991088	0.000000113141054
471.500000000000000	0.000000151794653	0.000000113141054
472.500000000000000	0.000000151794653	0.000000113141054
473.500000000000000	0.000000151794653	0.000000113141054
474.500000000000000	0.000000050598218	0.000000133870301
475.500000000000000	0.000000101196435	0.000000123939815
476.500000000000000	0.000000151794653	0.000000113141054
477.500000000000000	0.000000303589306	0.000000143113371
478.500000000000000	0.000000050598218	0.000000113141054
479.500000000000000	0.000000050598218	0.000000113141054
480.500000000000000	0.000000101196435	0.000000071556686
481.500000000000000	0.000000101196435	0.000000101196435
482.500000000000000	-0.000000050598218	0.000000087638684
483.500000000000000	0.000000303589306	0.000000123939815
484.500000000000000	0.000000151794653	0.000000087638684
485.500000000000000	0.000000101196435	0.000000101196435
486.500000000000000	0.000000151794653	0.000000113141054
487.500000000000000	0.000000050598218	0.000000113141054
488.500000000000000	-0.000000050598218	0.000000050598218
489.500000000000000	0.000000101196435	0.000000101196435
490.500000000000000	0.000000101196435	0.000000123939815
491.500000000000000	-0.000000101196435	0.000000101196435
492.500000000000000	0.000000151794653	0.000000133870301
493.500000000000000	0.000000101196435	0.000000101196435
494.500000000000000	0.000000101196435	0.000000101196435
495.500000000000000	0.000000050598218	0.000000087638684
496.500000000000000	0.000000101196435	0.000000071556686
497.500000000000000	0.000000151794653	0.000000087638684
498.500000000000000	0.000000252991088	0.000000133870301
499.500000000000000	-0.000000050598218	0.000000050598218
500.500000000000000	0.000000151794653	0.000000087638684
501.500000000000000	0.000000202392871	0.000000123939815
502.500000000000000	-0.000000050598218	0.000000113141054
503.500000000000000	0.000000151794653	0.000000087638684
504.500000000000000	0.000000000000000	0.000000101196435
505.500000000000000	0.000000151794653	0.000000113141054
506.500000000000000	0.000000303589306	0.000000123939815
507.500000000000000	0.000000050598218	0.000000050598218
508.500000000000000	0.000000050598218	0.000000133870301
509.500000000000000	0.000000050598218	0.000000113141054
510.500000000000000	0.000000202392871	0.000000101196435
511.500000000000000	0.000000050598218	0.000000050598218
512.500000000000000	0.000000050598218	0.000000087638684
513.500000000000000	0.000000202392871	0.000000101196435
514.500000000000000	0.000000050598218	0.000000087638684
515.500000000000000	0.000000202392871	0.000000101196435
516.500000000000000	0.000000101196435	0.000000101196435
517.500000000000000	0.000000303589306	0.000000143113371
518.500000000000000	-0.000000050598218	0.000000113141054
519.500000000000000	0.000000050598218	0.000000087638684
520.500000000000000	-0.000000050598218	0.000000087638684
521.500000000000000	0.000000050598218	0.000000087638684
522.500000000000000	0.000000151794653	0.000000087638684
523.500000000000000	0.000000000000000	0.000000071556686
524.500000000000000	0.000000050598218	0.000000087638684
525.500000000000000	0.000000000000000	0.000000071556686
526.500000000000000	0.000000000000000	0.000000071556686
527.500000000000000	0.000000151794653	0.000000113141054
528.500000000000000	0.000000050598218	0.000000050598218
529.500000000000000	0.000000050598218	0.000000113141054
530.500000000000000	0.000000202392871	0.000000143113371
531.500000000000000	0.000000000000000	0.000000101196435
532.500000000000000	0.000000202392871	0.000000101196435
533.500000000000000	0.000000000000000	0.000000101196435
534.500000000000000	-0.000000101196435	0.000000071556686
535.500000000000000	0.000000050598218	0.000000050598218
536.500000000000000	0.000000252991088	0.000000151794653
537.500000000000000	0.000000000000000	0.000000071556686
538.500000000000000	0.000000303589306	0.000000123939815
539.500000000000000	0.000000101196435	0.000000071556686
540.500000000000000	0.000000050598218	0.000000050598218
541.500000000000000	0.000000151794653	0.000000113141054
542.500000000000000	0.000000151794653	0.000000087638684
543.500000000000000	0.000000000000000	0.000000071556686
544.500000000000000	0.000000151794653	0.000000113141054
545.500000000000000	0.000000151794653	0.000000087638684
546.500000000000000	0.000000151794653	0.000000113141054
547.500000000000000	0.000000101196435	0.000000101196435
548.500000000000000	0.000000000000000	0.000000000000000
549.500000000000000	0.000000000000000	0.000000000000000
550.500000000000000	0.000000101196435	0.000000101196435
551.500000000000000	0.000000000000000	0.000000071556686
552.500000000000000	0.000000000000000	0.000000123939815
553.500000000000000	0.000000101196435	0.000000101196435
554.500000000000000	0.000000050598218	0.000000113141054
555.500000000000000	0.000000101196435	0.000000071556686
556.500000000000000	0.000000101196435	0.000000071556686
557.500000000000000	0.000000101196435	0.000000071556686
558.500000000000000	0.000000101196435	0.000000101196435
559.500000000000000	0.000000050598218	0.000000050598218
560.500000000000000	0.000000000000000	0.000000101196435
561.500000000000000	0.000000151794653	0.000000113141054
562.500000000000000	0.000000101196435	0.000000123939815
563.500000000000000	0.000000151794653	0.000000113141054
564.500000000000000	0.000000050598218	0.000000087638684
565.500000000000000	0.000000050598218	0.000000113141054
566.500000000000000	0.000000000000000	0.000000101196435
567.500000000000000	0.000000050598218	0.000000050598218
568.500000000000000	0.000000050598218	0.000000050598218
569.500000000000000	0.000000000000000	0.000000071556686
570.500000000000000	0.000000000000000	0.000000071556686
571.500000000000000	0.000000101196435	0.000000071556686
572.500000000000000	-0.000000050598218	0.000000050598218
573.500000000000000	0.000000050598218	0.000000050598218
574.500000000000000	-0.000000202392871	0.000000101196435
575.500000000000000	0.000000050598218	0.000000050598218
576.500000000000000	0.000000050598218	0.000000050598218
577.500000000000000	-0.000000050598218	0.000000050598218
578.500000000000000	-0.000000050598218	0.000000050598218
579.500000000000000	0.000000151794653	0.000000087638684
580.500000000000000	0.000000101196435	0.000000071556686
581.500000000000000	-0.000000050598218	0.000000087638684
582.500000000000000	0.000000050598218	0.000000050598218
583.500000000000000	0.000000151794653	0.000000087638684
584.500000000000000	0.000000050598218	0.000000087638684
585.500000000000000	0.000000000000000	0.000000000000000
586.500000000000000	0.000000000000000	0.000000071556686
587.500000000000000	0.000000000000000	0.000000000000000
588.500000000000000	0.000000151794653	0.000000087638684
589.500000000000000	0.000000101196435	0.000000071556686
590.500000000000000	0.000000050598218	0.000000050598218
591.500000000000000	0.000000050598218	0.000000050598218
592.500000000000000	0.000000050598218	0.000000050598218
593.500000000000000	0.000000050598218	0.000000050598218
594.500000000000000	0.000000050598218	0.000000087638684
595.500000000000000	0.000000050598218	0.000000087638684
596.500000000000000	0.000000202392871	0.000000123939815
597.500000000000000	0.000000252991088	0.000000113141054
598.500000000000000	0.000000000000000	0.000000000000000
599.500000000000000	0.000000000000000	0.000000101196435
600.500000000000000	0.000000101196435	0.000000071556686
601.500000000000000	0.000000000000000	0.000000071556686
602.500000000000000	0.000000050598218	0.000000050598218
603.500000000000000	0.000000151794653	0.000000087638684
604.500000000000000	0.000000151794653	0.000000087638684
605.500000000000000	-0.000000050598218	0.000000087638684
606.500000000000000	0.000000050598218	0.000000050598218
607.500000000000000	0.000000101196435	0.000000071556686
608.500000000000000	0.000000050598218	0.000000113141054
609.500000000000000	0.000000000000000	0.000000000000000
610.500000000000000	0.000000000000000	0.000000101196435
611.500000000000000	-0.000000050598218	0.000000050598218
612.500000000000000	0.000000000000000	0.000000071556686
613.500000000000000	0.000000000000000	0.000000000000000
614.500000000000000	0.000000000000000	0.000000000000000
615.500000000000000	-0.000000050598218	0.000000050598218
616.500000000000000	-0.000000050598218	0.000000050598218
617.500000000000000	0.000000101196435	0.000000071556686
618.500000000000000	0.000000000000000	0.000000000000000
619.500000000000000	0.000000000000000	0.000000000000000
620.500000000000000	0.000000151794653	0.000000087638684
621.500000000000000	-0.000000050598218	0.000000050598218
622.500000000000000	0.000000101196435	0.000000071556686
623.500000000000000	-0.000000151794653	0.000000087638684
624.500000000000000	0.000000050598218	0.000000087638684
625.500000000000000	0.000000101196435	0.000000071556686
626.500000000000000	0.000000000000000	0.000000071556686
627.500000000000000	0.000000000000000	0.000000000000000
628.500000000000000	0.000000050598218	0.000000050598218
629.500000000000000	0.000000050598218	0.000000050598218
630.500000000000000	0.000000000000000	0.000000071556686
631.500000000000000	0.000000050598218	0.000000050598218
632.500000000000000	0.000000050598218	0.000000050598218
633.500000000000000	0.000000000000000	0.000000071556686
634.500000000000000	0.000000000000000	0.000000000000000
635.500000000000000	0.000000050598218	0.000000087638684
636.500000000000000	0.000000050598218	0.000000087638684
637.500000000000000	0.000000050598218	0.000000050598218
638.500000000000000	-0.000000151794653	0.000000087638684
639.500000000000000	0.000000000000000	0.000000000000000
640.500000000000000	0.000000000000000	0.000000000000000
641.500000000000000	0.000000000000000	0.000000000000000
642.500000000000000	0.000000050598218	0.000000050598218
643.500000000000000	0.000000050598218	0.000000050598218
644.500000000000000	0.000000050598218	0.000000050598218
645.500000000000000	0.000000101196435	0.000000071556686
646.500000000000000	0.000000050598218	0.000000050598218
647.500000000000000	0.000000050598218	0.000000050598218
648.500000000000000	0.000000000000000	0.000000000000000
649.500000000000000	0.000000000000000	0.000000000000000
650.500000000000000	0.000000050598218	0.000000050598218
651.500000000000000	0.000000050598218	0.000000050598218
652.500000000000000	0.000000101196435	0.000000071556686
653.500000000000000	0.000000101196435	0.000000071556686
654.500000000000000	0.000000050598218	0.000000050598218
655.500000000000000	0.000000050598218	0.000000050598218
656.500000000000000	0.000000000000000	0.000000000000000
657.500000000000000	0.000000050598218	0.000000050598218
658.500000000000000	-0.000000101196435	0.000000071556686
659.500000000000000	0.000000000000000	0.000000000000000
660.500000000000000	0.000000000000000	0.000000000000000
661.500000000000000	0.000000000000000	0.000000000000000
662.500000000000000	0.000000000000000	0.000000000000000
663.500000000000000	0.000000000000000	0.000000071556686
664.500000000000000	-0.000000050598218	0.000000050598218
665.500000000000000	0.000000000000000	0.000000000000000
666.500000000000000	0.000000000000000	0.000000000000000
667.500000000000000	0.000000000000000	0.000000000000000
668.500000000000000	0.000000050598218	0.000000087638684
669.500000000000000	0.000000000000000	0.000000000000000
670.500000000000000	0.000000050598218	0.000000050598218
671.500000000000000	0.000000000000000	0.000000000000000
672.500000000000000	0.000000050598218	0.000000050598218
673.500000000000000	0.000000050598218	0.000000050598218
674.500000000000000	0.000000000000000	0.000000000000000
675.500000000000000	0.000000000000000	0.000000000000000
676.500000000000000	0.000000000000000	0.000000000000000
677.500000000000000	0.000000050598218	0.000000050598218
678.500000000000000	0.000000000000000	0.000000000000000
679.500000000000000	0.000000050598218	0.000000050598218
680.500000000000000	0.000000101196435	0.000000071556686
681.500000000000000	0.000000050598218	0.000000050598218
682.500000000000000	0.000000000000000	0.000000000000000
683.500000000000000	0.000000050598218	0.000000050598218
684.500000000000000	0.000000000000000	0.000000000000000
685.500000000000000	0.000000000000000	0.000000000000000
686.500000000000000	0.000000000000000	0.000000000000000
687.500000000000000	0.000000000000000	0.000000000000000
688.500000000000000	0.000000050598218	0.000000050598218
689.500000000000000	0.000000000000000	0.000000000000000
690.500000000000000	0.000000000000000	0.000000000000000
691.500000000000000	0.000000000000000	0.000000000000000
692.500000000000000	0.000000000000000	0.000000000000000
693.500000000000000	0.000000050598218	0.000000087638684
694.500000000000000	-0.000000050598218	0.000000050598218
695.500000000000000	0.000000050598218	0.000000050598218
696.500000000000000	-0.000000050598218	0.000000050598218
697.500000000000000	0.000000000000000	0.000000000000000
698.500000000000000	0.000000000000000	0.000000000000000
699.500000000000000	0.000000000000000	0.000000000000000
700.500000000000000	0.000000000000000	0.000000000000000
701.500000000000000	0.000000000000000	0.000000000000000
702.500000000000000	0.000000000000000	0.000000000000000
703.500000000000000	0.000000000000000	0.000000000000000
704.500000000000000	0.000000000000000	0.000000000000000
705.500000000000000	0.000000000000000	0.000000000000000
706.500000000000000	0.000000000000000	0.000000000000000
707.500000000000000	0.000000050598218	0.000000050598218
708.500000000000000	0.000000000000000	0.000000000000000
709.500000000000000	0.000000000000000	0.000000000000000
710.500000000000000	0.000000000000000	0.000000000000000
711.500000000000000	0.000000000000000	0.000000000000000
712.500000000000000	-0.000000050598218	0.000000050598218
713.500000000000000	0.000000050598218	0.000000050598218
714.500000000000000	0.000000050598218	0.000000050598218
715.500000000000000	0.000000050598218	0.000000050598218
716.500000000000000	0.000000000000000	0.000000000000000
717.500000000000000	0.000000000000000	0.000000000000000
718.500000000000000	0.000000000000000	0.000000000000000
719.500000000000000	0.000000050598218	0.000000050598218
720.500000000000000	0.000000000000000	0.000000000000000
721.500000000000000	0.000000000000000	0.000000000000000
722.500000000000000	0.000000000000000	0.000000000000000
723.500000000000000	0.000000000000000	0.000000000000000
724.500000000000000	0.000000000000000	0.000000000000000
725.500000000000000	0.000000000000000	0.000000000000000
726.500000000000000	0.000000000000000	0.000000000000000
727.500000000000000	0.000000000000000	0.000000000000000
728.500000000000000	0.000000000000000	0.000000000000000
729.500000000000000	0.000000000000000	0.000000000000000
730.500000000000000	0.000000000000000	0.000000000000000
731.500000000000000	0.000000000000000	0.000000000000000
732.500000000000000	0.000000000000000	0.000000000000000
733.500000000000000	0.000000050598218	0.000000050598218
734.500000000000000	0.000000000000000	0.000000000000000
735.500000000000000	0.000000050598218	0.000000050598218
736.500000000000000	0.000000000000000	0.000000000000000
737.500000000000000	0.000000000000000	0.000000000000000
738.500000000000000	0.000000000000000	0.000000000000000
739.500000000000000	0.000000000000000	0.000000000000000
740.500000000000000	0.000000000000000	0.000000000000000
741.500000000000000	0.000000000000000	0.000000000000000
742.500000000000000	0.000000000000000	0.000000000000000
743.500000000000000	0.000000000000000	0.000000000000000
744.500000000000000	0.000000000000000	0.000000000000000
745.500000000000000	0.000000000000000	0.000000000000000
746.500000000000000	0.000000000000000	0.000000000000000
747.500000000000000	0.000000000000000	0.000000000000000
748.500000000000000	0.000000000000000	0.000000000000000
749.500000000000000	0.000000000000000	0.000000000000000
750.500000000000000	0.000000000000000	0.000000000000000
751.500000000000000	0.000000000000000	0.000000000000000
752.500000000000000	0.000000000000000	0.000000000000000
753.500000000000000	0.000000000000000	0.000000000000000
754.500000000000000	0.000000000000000	0.000000000000000
755.500000000000000	0.000000000000000	0.000000000000000
756.500000000000000	0.000000000000000	0.000000000000000
757.500000000000000	0.000000000000000	0.000000000000000
758.500000000000000	0.000000000000000	0.000000000000000
759.500000000000000	0.000000000000000	0.000000000000000
760.500000000000000	0.000000000000000	0.000000000000000
761.500000000000000	0.000000000000000	0.000000000000000
762.500000000000000	0.000000000000000	0.000000000000000
763.500000000000000	0.000000000000000	0.000000000000000
764.500000000000000	0.000000000000000	0.000000000000000
765.500000000000000	0.000000000000000	0.000000000000000
766.500000000000000	0.000000000000000	0.000000000000000
767.500000000000000	0.000000000000000	0.000000000000000
768.500000000000000	0.000000000000000	0.000000000000000
769.500000000000000	0.000000000000000	0.000000000000000
770.500000000000000	0.000000000000000	0.000000000000000
771.500000000000000	0.000000000000000	0.000000000000000
772.500000000000000	0.000000000000000	0.000000000000000
773.500000000000000	0.000000000000000	0.000000000000000
774.500000000000000	0.000000000000000	0.000000000000000
775.500000000000000	0.000000000000000	0.000000000000000
776.500000000000000	0.000000000000000	0.000000000000000
777.500000000000000	0.000000000000000	0.000000000000000
778.500000000000000	0.000000000000000	0.000000000000000
779.500000000000000	0.000000000000000	0.000000000000000
780.500000000000000	0.000000000000000	0.000000000000000
781.500000000000000	0.000000000000000	0.000000000000000
782.500000000000000	0.000000000000000	0.000000000000000
783.500000000000000	0.000000000000000	0.000000000000000
784.500000000000000	0.000000050598218	0.000000050598218
785.500000000000000	0.000000000000000	0.000000000000000
786.500000000000000	0.000000000000000	0.000000000000000
787.500000000000000	0.000000000000000	0.000000000000000
788.500000000000000	0.000000000000000	0.000000000000000
789.500000000000000	0.000000000000000	0.000000000000000
790.500000000000000	0.000000000000000	0.000000000000000
791.500000000000000	0.000000000000000	0.000000000000000
792.500000000000000	0.000000000000000	0.000000000000000
793.500000000000000	0.000000000000000	0.000000000000000
794.500000000000000	0.000000000000000	0.000000000000000
795.500000000000000	0.000000000000000	0.000000000000000
796.500000000000000	0.000000000000000	0.000000000000000
797.500000000000000	0.000000050598218	0.000000050598218
798.500000000000000	0.000000000000000	0.000000000000000
799.500000000000000	0.000000000000000	0.000000000000000