#Bin Center	Bin Content	Bin Error
0.000000000000000	0.000000000000000	0.000000000000000
0.000000040000000	0.000000000000000	0.000000000000000
0.000000080000000	0.000000000000000	0.000000000000000
0.000000120000000	0.000000000000000	0.000000000000000
0.000000160000000	0.000000000000000	0.000000000000000
0.000000200000000	0.000000000000000	0.000000000000000
0.000000240000000	0.000000000000000	0.000000000000000
0.000000280000000	0.000000000000000	0.000000000000000
0.000000320000000	0.000000000000000	0.000000000000000
0.000000360000000	0.000000000000000	0.000000000000000
0.000000400000000	0.000000000000000	0.000000000000000
0.000000440000000	0.000000000000000	0.000000000000000
0.000000480000000	0.000000000000000	0.000000000000000
0.000000520000000	0.000000000000000	0.000000000000000
0.000000560000000	0.000000000000000	0.000000000000000
0.000000600000000	0.000000000000000	0.000000000000000
0.000000640000000	0.000000000000000	0.000000000000000
0.000000680000000	0.000000000000000	0.000000000000000
0.000000720000000	0.000000000000000	0.000000000000000
0.000000760000000	0.000000000000000	0.000000000000000
0.000000800000000	0.000000000000000	0.000000000000000
0.000000840000000	0.000000000000000	0.000000000000000
0.000000880000000	0.000000000000000	0.000000000000000
0.000000920000000	0.000000000000000	0.000000000000000
0.000000960000000	0.000000000000000	0.000000000000000
0.000001000000000	0.000000000000000	0.000000000000000
0.000001040000000	0.000000000000000	0.000000000000000
0.000001080000000	0.000000000000000	0.000000000000000
0.000001120000000	0.000000000000000	0.000000000000000
0.000001160000000	0.000000000000000	0.000000000000000
0.000001200000000	0.000000000000000	0.000000000000000
0.000001240000000	0.000000000000000	0.000000000000000
0.000001280000000	0.000000000000000	0.000000000000000
0.000001320000000	0.000000000000000	0.000000000000000
0.000001360000000	0.000000000000000	0.000000000000000
0.000001400000000	0.000000000000000	0.000000000000000
0.000001440000000	0.000000000000000	0.000000000000000
0.000001480000000	0.000000000000000	0.000000000000000
0.000001520000000	0.000000000000000	0.000000000000000
0.000001560000000	0.000000000000000	0.000000000000000
0.000001600000000	0.000000000000000	0.000000000000000
0.000001640000000	0.000000000000000	0.000000000000000
0.000001680000000	0.000000000000000	0.000000000000000
0.000001720000000	0.000000000000000	0.000000000000000
0.000001760000000	0.000000000000000	0.000000000000000
0.000001800000000	0.000000000000000	0.000000000000000
0.000001840000000	0.000000000000000	0.000000000000000
0.000001880000000	0.000000000000000	0.000000000000000
0.000001920000000	0.000000000000000	0.000000000000000
0.000001960000000	0.000000000000000	0.000000000000000
0.000002000000000	0.000000000000000	0.000000000000000
0.000002040000000	0.000005823383954	0.000000607293989
0.000002080000000	0.000008270343335	0.000000616409054
0.000002120000000	0.000008384155399	0.000000639894211
0.000002160000000	0.000010527615943	0.000000665527609
0.000002200000000	0.000010489678588	0.000000682081566
0.000002240000000	0.000009920618267	0.000000704399734
0.000002280000000	0.000010451741233	0.000000715549199
0.000002320000000	0.000011305331715	0.000000738561476
0.000002360000000	0.000012576233099	0.000000740750532
0.000002400000000	0.000011077707586	0.000000745833343
0.000002440000000	0.000012690045163	0.000000773075422
0.000002480000000	0.000012196859551	0.000000769342990
0.000002520000000	0.000011438112457	0.000000788741236
0.000002560000000	0.000010394835201	0.000000761114486
0.000002600000000	0.000012443452357	0.000000768172886
0.000002640000000	0.000011855423359	0.000000788741236
0.000002680000000	0.000010584521975	0.000000764887072
0.000002720000000	0.000012367577648	0.000000768641141
0.000002760000000	0.000012310671616	0.000000774934897
0.000002800000000	0.000011798517327	0.000000794875856
0.000002840000000	0.000009996492976	0.000000768407049
0.000002880000000	0.000011874392036	0.000000780717210
0.000002920000000	0.000012727982518	0.000000797361615
0.000002960000000	0.000010224117105	0.000000779102488
0.000003000000000	0.000011798517327	0.000000793970014
0.000003040000000	0.000011551924521	0.000000818295639
0.000003080000000	0.000010299991814	0.000000785541461
0.000003120000000	0.000009674025461	0.000000796232686
0.000003160000000	0.000011551924521	0.000000778178285
0.000003200000000	0.000010698334039	0.000000771910976
0.000003240000000	0.000009844743557	0.000000796458600
0.000003280000000	0.000009939586944	0.000000787142974
0.000003320000000	0.000010508647265	0.000000775167017
0.000003360000000	0.000010243085782	0.000000783936676
0.000003400000000	0.000009863712234	0.000000757798068
0.000003440000000	0.000008896309688	0.000000741236110
0.000003480000000	0.000008991153075	0.000000763003111
0.000003520000000	0.000009256714558	0.000000756847850
0.000003560000000	0.000008725591592	0.000000731709200
0.000003600000000	0.000009787837525	0.000000753034990
0.000003640000000	0.000008630748205	0.000000740264634
0.000003680000000	0.000008441061431	0.000000746074518
0.000003720000000	0.000009294651913	0.000000736121557
0.000003760000000	0.000009161871172	0.000000735877120
0.000003800000000	0.000010224117105	0.000000714542800
0.000003840000000	0.000008592810850	0.000000716554184
0.000003880000000	0.000008573842173	0.000000709235778
0.000003920000000	0.000008460030109	0.000000704655090
0.000003960000000	0.000007587470950	0.000000697469781
0.000004000000000	0.000008460030109	0.000000683399090
0.000004040000000	0.000008858372334	0.000000699787390
0.000004080000000	0.000007321909466	0.000000688121290
0.000004120000000	0.000007530564917	0.000000682608881
0.000004160000000	0.000006961504596	0.000000675721692
0.000004200000000	0.000006563162371	0.000000662004123
0.000004240000000	0.000005918227341	0.000000660371558
0.000004280000000	0.000007340878144	0.000000656272377
0.000004320000000	0.000006658005758	0.000000663361524
0.000004360000000	0.000006392444275	0.000000645213922
0.000004400000000	0.000008365186722	0.000000662275826
0.000004440000000	0.000005747509244	0.000000664445449
0.000004480000000	0.000006373475598	0.000000659280935
0.000004520000000	0.000006373475598	0.000000646049872
0.000004560000000	0.000007321909466	0.000000636511486
0.000004600000000	0.000005823383954	0.000000618448702
0.000004640000000	0.000005728540567	0.000000622218881
0.000004680000000	0.000005159480246	0.000000602833997
0.000004720000000	0.000006714911790	0.000000621640342
0.000004760000000	0.000006392444275	0.000000623085683
0.000004800000000	0.000005766477922	0.000000604621942
0.000004840000000	0.000006278632211	0.000000610249209
0.000004880000000	0.000004893918762	0.000000590166738
0.000004920000000	0.000005159480246	0.000000589556746
0.000004960000000	0.000006506256339	0.000000589861821
0.000005000000000	0.000004267952409	0.000000570638855
0.000005040000000	0.000005614728503	0.000000585883460
0.000005080000000	0.000005121542891	0.000000591992941
0.000005120000000	0.000004400733151	0.000000592600425
0.000005160000000	0.000004742169343	0.000000555623613
0.000005200000000	0.000005614728503	0.000000560780323
0.000005240000000	0.000005140511568	0.000000544833777
0.000005280000000	0.000005026699504	0.000000558530120
0.000005320000000	0.000004912887440	0.000000563021532
0.000005360000000	0.000004704231989	0.000000542517438
0.000005400000000	0.000004362795796	0.000000537185441
0.000005440000000	0.000004988762149	0.000000532138175
0.000005480000000	0.000005273292310	0.000000541189363
0.000005520000000	0.000005254323633	0.000000537520241
0.000005560000000	0.000004457639183	0.000000530105813
0.000005600000000	0.000004761138021	0.000000528746565
0.000005640000000	0.000005425041729	0.000000520862058
0.000005680000000	0.000003926516216	0.000000512154289
0.000005720000000	0.000004855981408	0.000000523617962
0.000005760000000	0.000004324858441	0.000000497543743
0.000005800000000	0.000004552482570	0.000000509689455
0.000005840000000	0.000002750458219	0.000000491358315
0.000005880000000	0.000003471267959	0.000000491358315
0.000005920000000	0.000002978082348	0.000000498627324
0.000005960000000	0.000003793735475	0.000000504010287
0.000006000000000	0.000003641986056	0.000000495369470
0.000006040000000	0.000003831672830	0.000000514607317
0.000006080000000	0.000004874950085	0.000000495732511
0.000006120000000	0.000003793735475	0.000000495369470
0.000006160000000	0.000003376424573	0.000000473077445
0.000006200000000	0.000003755798120	0.000000469259162
0.000006240000000	0.000004248983732	0.000000478371842
0.000006280000000	0.000003376424573	0.000000486575230
0.000006320000000	0.000003812704152	0.000000461917479
0.000006360000000	0.000003281581186	0.000000450880314
0.000006400000000	0.000002997051025	0.000000456037934
0.000006440000000	0.000003034988380	0.000000448880835
0.000006480000000	0.000004002390926	0.000000462695774
0.000006520000000	0.000002845301606	0.000000456037934
0.000006560000000	0.000002883238961	0.000000438336543
0.000006600000000	0.000002864270283	0.000000452473536
0.000006640000000	0.000002959113670	0.000000448880835
0.000006680000000	0.000003471267959	0.000000452473536
0.000006720000000	0.000002864270283	0.000000441200182
0.000006760000000	0.000002978082348	0.000000432968112
0.000006800000000	0.000002883238961	0.000000444045353
0.000006840000000	0.000002352115994	0.000000424152521
0.000006880000000	0.000003110863089	0.000000422452504
0.000006920000000	0.000002333147317	0.000000408157278
0.000006960000000	0.000001896867737	0.000000427532275
0.000007000000000	0.000002200366575	0.000000407716266
0.000007040000000	0.000003091894412	0.000000409916585
0.000007080000000	0.000003395393250	0.000000413412739
0.000007120000000	0.000002352115994	0.000000410355233
0.000007160000000	0.000002105523189	0.000000391049302
0.000007200000000	0.000001574400222	0.000000405504007
0.000007240000000	0.000001953773770	0.000000407274775
0.000007280000000	0.000001802024351	0.000000396531569
0.000007320000000	0.000002446959381	0.000000388279142
0.000007360000000	0.000002427990704	0.000000409477467
0.000007400000000	0.000002162429221	0.000000375560651
0.000007440000000	0.000001745118318	0.000000385022100
0.000007480000000	0.000001896867737	0.000000373639612
0.000007520000000	0.000001707180964	0.000000366836762
0.000007560000000	0.000001783055673	0.000000347701600
0.000007600000000	0.000001422650803	0.000000365362529
0.000007640000000	0.000002048617156	0.000000363882324
0.000007680000000	0.000001517494190	0.000000362892166
0.000007720000000	0.000001441619480	0.000000382208258
0.000007760000000	0.000002124491866	0.000000369767595
0.000007800000000	0.000001726149641	0.000000378899034
0.000007840000000	0.000001574400222	0.000000354364137
0.000007880000000	0.000002181397898	0.000000350279112
0.000007920000000	0.000002276241285	0.000000356893535
0.000007960000000	0.000002010679802	0.000000359905348
0.000008000000000	0.000001574400222	0.000000341962694
0.000008040000000	0.000001783055673	0.000000341436193
0.000008080000000	0.000001403682126	0.000000344583137
0.000008120000000	0.000001858930383	0.000000347701600
0.000008160000000	0.000001498525513	0.000000320228131
0.000008200000000	0.000001574400222	0.000000326900266
0.000008240000000	0.000001650274932	0.000000329094253
0.000008280000000	0.000001707180964	0.000000326349465
0.000008320000000	0.000001479556835	0.000000321909130
0.000008360000000	0.000001270901384	0.000000326900266
0.000008400000000	0.000001195026675	0.000000311109441
0.000008440000000	0.000001138120642	0.000000309369766
0.000008480000000	0.000001327807416	0.000000325245065
0.000008520000000	0.000001176057997	0.000000312839442
0.000008560000000	0.000001422650803	0.000000317972975
0.000008600000000	0.000001783055673	0.000000310530632
0.000008640000000	0.000001858930383	0.000000316271055
0.000008680000000	0.000001346776094	0.000000301715284
0.000008720000000	0.000001195026675	0.000000296906764
0.000008760000000	0.000001081214610	0.000000306448361
0.000008800000000	0.000001213995352	0.000000291402351
0.000008840000000	0.000000872559159	0.000000291402351
0.000008880000000	0.000001232964029	0.000000301715284
0.000008920000000	0.000001555431545	0.000000291402351
0.000008960000000	0.000001536462867	0.000000294473061
0.000009000000000	0.000001783055673	0.000000298719030
0.000009040000000	0.000000777715772	0.000000292019076
0.000009080000000	0.000000777715772	0.000000289544294
0.000009120000000	0.000001479556835	0.000000287674236
0.000009160000000	0.000000967402546	0.000000280710791
0.000009200000000	0.000000796684450	0.000000281350953
0.000009240000000	0.000001213995352	0.000000287674236
0.000009280000000	0.000001251932707	0.000000278781484
0.000009320000000	0.000000531122966	0.000000266912950
0.000009360000000	0.000001403682126	0.000000282626927
0.000009400000000	0.000001365744771	0.000000283897167
0.000009440000000	0.000000796684450	0.000000264203104
0.000009480000000	0.000000588028999	0.000000270262051
0.000009520000000	0.000000967402546	0.000000270262051
0.000009560000000	0.000001062245933	0.000000255901448
0.000009600000000	0.000000796684450	0.000000265561483
0.000009640000000	0.000001346776094	0.000000268927416
0.000009680000000	0.000000512154289	0.000000260776200
0.000009720000000	0.000000606997676	0.000000244394312
0.000009760000000	0.000001422650803	0.000000259392762
0.000009800000000	0.000001195026675	0.000000259392762
0.000009840000000	0.000000967402546	0.000000252361839
0.000009880000000	0.000000777715772	0.000000243657073
0.000009920000000	0.000000588028999	0.000000255197454
0.000009960000000	0.000000815653127	0.000000242175861
0.000010000000000	0.000000853590482	0.000000252361839
0.000010040000000	0.000001384713448	0.000000262152337
0.000010080000000	0.000000720809740	0.000000241431847
0.000010120000000	0.000000682872385	0.000000238432577
0.000010160000000	0.000000682872385	0.000000236918704
0.000010200000000	0.000000834621804	0.000000244394312
0.000010240000000	0.000000777715772	0.000000239185921
0.000010280000000	0.000000815653127	0.000000233091010
0.000010320000000	0.000000284530161	0.000000240685534
0.000010360000000	0.000000891527837	0.000000226832390
0.000010400000000	0.000000891527837	0.000000222022676
0.000010440000000	0.000000512154289	0.000000229982991
0.000010480000000	0.000001119151965	0.000000233091010
0.000010520000000	0.000001157089320	0.000000242175861
0.000010560000000	0.000000455248257	0.000000221210891
0.000010600000000	0.000001232964029	0.000000215442760
0.000010640000000	0.000000720809740	0.000000217933511
0.000010680000000	0.000000853590482	0.000000225240564
0.000010720000000	0.000000739778418	0.000000220396115
0.000010760000000	0.000001346776094	0.000000225240564
0.000010800000000	0.000000606997676	0.000000227624128
0.000010840000000	0.000001289870061	0.000000207791450
0.000010880000000	0.000000113812064	0.000000197128278
0.000010920000000	0.000000739778418	0.000000220396115
0.000010960000000	0.000000815653127	0.000000212076260
0.000011000000000	0.000000398342225	0.000000220396115
0.000011040000000	0.000000663903708	0.000000203416403
0.000011080000000	0.000000474216934	0.000000212076260
0.000011120000000	0.000000834621804	0.000000207791450
0.000011160000000	0.000000891527837	0.000000217106436
0.000011200000000	0.000000796684450	0.000000209515890
0.000011240000000	0.000000455248257	0.000000202530053
0.000011280000000	0.000000493185612	0.000000197128278
0.000011320000000	0.000000588028999	0.000000203416403
0.000011360000000	0.000000588028999	0.000000198038806
0.000011400000000	0.000000739778418	0.000000205177617
0.000011440000000	0.000000417310902	0.000000187780326
0.000011480000000	0.000000588028999	0.000000213766138
0.000011520000000	0.000000531122966	0.000000209515890
0.000011560000000	0.000000720809740	0.000000179952674
0.000011600000000	0.000000777715772	0.000000210372809
0.000011640000000	0.000000360404870	0.000000176928044
0.000011680000000	0.000000569060321	0.000000202530053
0.000011720000000	0.000000379373547	0.000000175908277
0.000011760000000	0.000000189686774	0.000000156419721
0.000011800000000	0.000000531122966	0.000000179952674
0.000011840000000	0.000000474216934	0.000000192511050
0.000011880000000	0.000000341436193	0.000000191574251
0.000011920000000	0.000000322467515	0.000000184883797
0.000011960000000	0.000000531122966	0.000000187780326
0.000012000000000	0.000000455248257	0.000000185854323
0.000012040000000	0.000000512154289	0.000000180949649
0.000012080000000	0.000000284530161	0.000000180949649
0.000012120000000	0.000000493185612	0.000000189686774
0.000012160000000	0.000000170718096	0.000000166449468
0.000012200000000	0.000000588028999	0.000000192511050
0.000012240000000	0.000000303498838	0.000000167526823
0.000012280000000	0.000000417310902	0.000000175908277
0.000012320000000	0.000000436279580	0.000000188735957
0.000012360000000	0.000000701841063	0.000000178950144
0.000012400000000	0.000000436279580	0.000000162068451
0.000012440000000	0.000000550091644	0.000000182927300
0.000012480000000	0.000000606997676	0.000000154102263
0.000012520000000	0.000000113812064	0.000000179952674
0.000012560000000	0.000000246592806	0.000000155265316
0.000012600000000	0.000000663903708	0.000000150559209
0.000012640000000	0.000000341436193	0.000000181941162
0.000012680000000	0.000000550091644	0.000000168597292
0.000012720000000	0.000000341436193	0.000000179952674
0.000012760000000	0.000000208655451	0.000000164273565
0.000012800000000	0.000000284530161	0.000000159832917
0.000012840000000	0.000000436279580	0.000000164273565
0.000012880000000	0.000000625966353	0.000000168597292
0.000012920000000	0.000000474216934	0.000000182927300
0.000012960000000	0.000000322467515	0.000000164273565
0.000013000000000	0.000000170718096	0.000000152930366
0.000013040000000	0.000000170718096	0.000000143210374
0.000013080000000	0.000000246592806	0.000000168597292
0.000013120000000	0.000000436279580	0.000000162068451
0.000013160000000	0.000000360404870	0.000000162068451
0.000013200000000	0.000000455248257	0.000000160954565
0.000013240000000	0.000000189686774	0.000000144461143
0.000013280000000	0.000000474216934	0.000000162068451
0.000013320000000	0.000000550091644	0.000000145701176
0.000013360000000	0.000000436279580	0.000000138094056
0.000013400000000	0.000000531122966	0.000000151749419
0.000013440000000	0.000000360404870	0.000000159832917
0.000013480000000	0.000000189686774	0.000000151749419
0.000013520000000	0.000000417310902	0.000000149359515
0.000013560000000	0.000000436279580	0.000000157565668
0.000013600000000	0.000000284530161	0.000000148150106
0.000013640000000	0.000000398342225	0.000000148150106
0.000013680000000	0.000000531122966	0.000000160954565
0.000013720000000	0.000000360404870	0.000000162068451
0.000013760000000	0.000000170718096	0.000000159832917
0.000013800000000	0.000000246592806	0.000000145701176
0.000013840000000	0.000000493185612	0.000000149359515
0.000013880000000	0.000000398342225	0.000000127245756
0.000013920000000	0.000000265561483	0.000000131418852
0.000013960000000	0.000000037937355	0.000000139390742
0.000014000000000	0.000000531122966	0.000000154102263
0.000014040000000	0.000000474216934	0.000000152930366
0.000014080000000	0.000000341436193	0.000000139390742
0.000014120000000	0.000000701841063	0.000000157565668
0.000014160000000	0.000000037937355	0.000000141948584
0.000014200000000	0.000000398342225	0.000000140675476
0.000014240000000	0.000000360404870	0.000000143210374
0.000014280000000	0.000000474216934	0.000000140675476
0.000014320000000	0.000000474216934	0.000000132780742
0.000014360000000	0.000000151749419	0.000000139390742
0.000014400000000	0.000000322467515	0.000000143210374
0.000014440000000	0.000000227624128	0.000000113812064
0.000014480000000	0.000000322467515	0.000000148150106
0.000014520000000	0.000000417310902	0.000000119968449
0.000014560000000	0.000000246592806	0.000000143210374
0.000014600000000	0.000000265561483	0.000000131418852
0.000014640000000	0.000000322467515	0.000000145701176
0.000014680000000	0.000000284530161	0.000000132780742
0.000014720000000	0.000000113812064	0.000000122931079
0.000014760000000	0.000000531122966	0.000000141948584
0.000014800000000	0.000000094843387	0.000000105613126
0.000014840000000	0.000000303498838	0.000000128651829
0.000014880000000	0.000000189686774	0.000000119968449
0.000014920000000	0.000000322467515	0.000000132780742
0.000014960000000	0.000000360404870	0.000000130042700
0.000015000000000	0.000000018968677	0.000000127245756
0.000015040000000	0.000000018968677	0.000000127245756
0.000015080000000	0.000000398342225	0.000000124385936
0.000015120000000	0.000000170718096	0.000000124385936
0.000015160000000	0.000000056906032	0.000000118459352
0.000015200000000	-0.000000170718096	0.000000127245756
0.000015240000000	0.000000170718096	0.000000118459352
0.000015280000000	0.000000417310902	0.000000122931079
0.000015320000000	0.000000303498838	0.000000116930780
0.000015360000000	0.000000341436193	0.000000151749419
0.000015400000000	0.000000303498838	0.000000125823971
0.000015440000000	0.000000075874709	0.000000119968449
0.000015480000000	0.000000113812064	0.000000125823971
0.000015520000000	0.000000303498838	0.000000119968449
0.000015560000000	0.000000037937355	0.000000107303043
0.000015600000000	0.000000417310902	0.000000128651829
0.000015640000000	0.000000303498838	0.000000116930780
0.000015680000000	0.000000284530161	0.000000118459352
0.000015720000000	0.000000151749419	0.000000107303043
0.000015760000000	0.000000303498838	0.000000144461143
0.000015800000000	0.000000056906032	0.000000130042700
0.000015840000000	0.000000322467515	0.000000121458798
0.000015880000000	0.000000170718096	0.000000118459352
0.000015920000000	0.000000303498838	0.000000116930780
0.000015960000000	0.000000227624128	0.000000139390742
0.000016000000000	0.000000341436193	0.000000110605445
0.000016040000000	0.000000170718096	0.000000094843387
0.000016080000000	0.000000000000000	0.000000113812064
0.000016120000000	0.000000322467515	0.000000112220209
0.000016160000000	0.000000151749419	0.000000113812064
0.000016200000000	0.000000189686774	0.000000113812064
0.000016240000000	0.000000132780742	0.000000102149454
0.000016280000000	0.000000132780742	0.000000115381960
0.000016320000000	0.000000360404870	0.000000118459352
0.000016360000000	0.000000246592806	0.000000112220209
0.000016400000000	0.000000189686774	0.000000113812064
0.000016440000000	0.000000284530161	0.000000115381960
0.000016480000000	0.000000436279580	0.000000121458798
0.000016520000000	0.000000094843387	0.000000112220209
0.000016560000000	-0.000000113812064	0.000000096721656
0.000016600000000	0.000000246592806	0.000000121458798
0.000016640000000	0.000000037937355	0.000000096721656
0.000016680000000	0.000000132780742	0.000000121458798
0.000016720000000	0.000000094843387	0.000000108966755
0.000016760000000	0.000000189686774	0.000000100372806
0.000016800000000	0.000000265561483	0.000000110605445
0.000016840000000	0.000000265561483	0.000000113812064
0.000016880000000	0.000000075874709	0.000000092927161
0.000016920000000	0.000000151749419	0.000000100372806
0.000016960000000	0.000000018968677	0.000000115381960
0.000017000000000	0.000000227624128	0.000000113812064
0.000017040000000	0.000000170718096	0.000000090970581
0.000017080000000	0.000000094843387	0.000000094843387
0.000017120000000	0.000000094843387	0.000000094843387
0.000017160000000	0.000000208655451	0.000000105613126
0.000017200000000	0.000000113812064	0.000000128651829
0.000017240000000	0.000000037937355	0.000000088970983
0.000017280000000	0.000000037937355	0.000000103895725
0.000017320000000	0.000000151749419	0.000000092927161
0.000017360000000	0.000000246592806	0.000000082682548
0.000017400000000	0.000000265561483	0.000000110605445
0.000017440000000	0.000000113812064	0.000000088970983
0.000017480000000	0.000000208655451	0.000000098564139
0.000017520000000	0.000000246592806	0.000000098564139
0.000017560000000	0.000000113812064	0.000000107303043
0.000017600000000	0.000000170718096	0.000000118459352
0.000017640000000	0.000000170718096	0.000000098564139
0.000017680000000	0.000000189686774	0.000000100372806
0.000017720000000	0.000000018968677	0.000000090970581
0.000017760000000	0.000000113812064	0.000000092927161
0.000017800000000	0.000000151749419	0.000000100372806
0.000017840000000	0.000000246592806	0.000000105613126
0.000017880000000	0.000000151749419	0.000000100372806
0.000017920000000	0.000000170718096	0.000000102149454
0.000017960000000	0.000000265561483	0.000000096721656
0.000018000000000	0.000000284530161	0.000000094843387
0.000018040000000	0.000000000000000	0.000000103895725
0.000018080000000	-0.000000018968677	0.000000102149454
0.000018120000000	0.000000094843387	0.000000090970581
0.000018160000000	0.000000227624128	0.000000092927161
0.000018200000000	0.000000151749419	0.000000100372806
0.000018240000000	0.000000303498838	0.000000103895725
0.000018280000000	0.000000132780742	0.000000090970581
0.000018320000000	0.000000170718096	0.000000098564139
0.000018360000000	0.000000151749419	0.000000092927161
0.000018400000000	-0.000000018968677	0.000000078209860
0.000018440000000	0.000000227624128	0.000000096721656
0.000018480000000	0.000000056906032	0.000000098564139
0.000018520000000	0.000000075874709	0.000000084830504
0.000018560000000	0.000000227624128	0.000000096721656
0.000018600000000	0.000000018968677	0.000000090970581
0.000018640000000	0.000000322467515	0.000000090970581
0.000018680000000	0.000000056906032	0.000000090970581
0.000018720000000	0.000000094843387	0.000000086925400
0.000018760000000	0.000000056906032	0.000000105613126
0.000018800000000	0.000000132780742	0.000000068392539
0.000018840000000	0.000000037937355	0.000000096721656
0.000018880000000	0.000000018968677	0.000000094843387
0.000018920000000	0.000000265561483	0.000000088970983
0.000018960000000	0.000000170718096	0.000000102149454
0.000019000000000	0.000000132780742	0.000000078209860
0.000019040000000	0.000000189686774	0.000000084830504
0.000019080000000	0.000000094843387	0.000000086925400
0.000019120000000	0.000000151749419	0.000000088970983
0.000019160000000	0.000000208655451	0.000000090970581
0.000019200000000	-0.000000075874709	0.000000088970983
0.000019240000000	0.000000000000000	0.000000096721656
0.000019280000000	0.000000303498838	0.000000103895725
0.000019320000000	0.000000151749419	0.000000084830504
0.000019360000000	0.000000170718096	0.000000094843387
0.000019400000000	0.000000132780742	0.000000086925400
0.000019440000000	0.000000075874709	0.000000084830504
0.000019480000000	0.000000037937355	0.000000080477282
0.000019520000000	-0.000000056906032	0.000000094843387
0.000019560000000	-0.000000018968677	0.000000073465372
0.000019600000000	0.000000151749419	0.000000075874709
0.000019640000000	0.000000170718096	0.000000086925400
0.000019680000000	0.000000227624128	0.000000088970983
0.000019720000000	0.000000056906032	0.000000090970581
0.000019760000000	0.000000000000000	0.000000088970983
0.000019800000000	0.000000037937355	0.000000084830504
0.000019840000000	0.000000056906032	0.000000062911986
0.000019880000000	0.000000000000000	0.000000084830504
0.000019920000000	0.000000151749419	0.000000088970983
0.000019960000000	0.000000056906032	0.000000094843387
0.000020000000000	0.000000360404870	0.000000094843387
0.000020040000000	0.000000151749419	0.000000084830504
0.000020080000000	0.000000113812064	0.000000080477282
0.000020120000000	0.000000075874709	0.000000080477282
0.000020160000000	0.000000208655451	0.000000082682548
0.000020200000000	0.000000075874709	0.000000070974292
0.000020240000000	0.000000000000000	0.000000088970983
0.000020280000000	0.000000037937355	0.000000070974292
0.000020320000000	0.000000132780742	0.000000078209860
0.000020360000000	0.000000246592806	0.000000094843387
0.000020400000000	0.000000056906032	0.000000078209860
0.000020440000000	0.000000170718096	0.000000094843387
0.000020480000000	0.000000094843387	0.000000056906032
0.000020520000000	-0.000000018968677	0.000000078209860
0.000020560000000	0.000000094843387	0.000000068392539
0.000020600000000	-0.000000037937355	0.000000065709426
0.000020640000000	0.000000189686774	0.000000084830504
0.000020680000000	0.000000000000000	0.000000075874709
0.000020720000000	0.000000132780742	0.000000073465372
0.000020760000000	0.000000170718096	0.000000086925400
0.000020800000000	-0.000000018968677	0.000000062911986
0.000020840000000	-0.000000094843387	0.000000086925400
0.000020880000000	0.000000075874709	0.000000080477282
0.000020920000000	0.000000246592806	0.000000082682548
0.000020960000000	-0.000000094843387	0.000000062911986
0.000021000000000	0.000000208655451	0.000000073465372
0.000021040000000	0.000000018968677	0.000000062911986
0.000021080000000	0.000000170718096	0.000000094843387
0.000021120000000	0.000000037937355	0.000000053651522
0.000021160000000	0.000000056906032	0.000000082682548
0.000021200000000	0.000000113812064	0.000000070974292
0.000021240000000	0.000000037937355	0.000000080477282
0.000021280000000	0.000000094843387	0.000000078209860
0.000021320000000	0.000000113812064	0.000000080477282
0.000021360000000	0.000000094843387	0.000000082682548
0.000021400000000	0.000000265561483	0.000000080477282
0.000021440000000	0.000000056906032	0.000000086925400
0.000021480000000	0.000000037937355	0.000000070974292
0.000021520000000	0.000000303498838	0.000000075874709
0.000021560000000	0.000000056906032	0.000000062911986
0.000021600000000	0.000000056906032	0.000000056906032
0.000021640000000	0.000000113812064	0.000000080477282
0.000021680000000	0.000000132780742	0.000000062911986
0.000021720000000	0.000000189686774	0.000000084830504
0.000021760000000	0.000000075874709	0.000000053651522
0.000021800000000	0.000000075874709	0.000000084830504
0.000021840000000	0.000000208655451	0.000000068392539
0.000021880000000	0.000000094843387	0.000000050186403
0.000021920000000	0.000000170718096	0.000000090970581
0.000021960000000	-0.000000018968677	0.000000073465372
0.000022000000000	0.000000113812064	0.000000075874709
0.000022040000000	0.000000037937355	0.000000070974292
0.000022080000000	0.000000075874709	0.000000070974292
0.000022120000000	0.000000037937355	0.000000084830504
0.000022160000000	0.000000037937355	0.000000080477282
0.000022200000000	0.000000094843387	0.000000094843387
0.000022240000000	0.000000018968677	0.000000062911986
0.000022280000000	0.000000113812064	0.000000080477282
0.000022320000000	0.000000094843387	0.000000062911986
0.000022360000000	0.000000113812064	0.000000080477282
0.000022400000000	0.000000132780742	0.000000078209860
0.000022440000000	0.000000227624128	0.000000084830504
0.000022480000000	0.000000132780742	0.000000068392539
0.000022520000000	0.000000170718096	0.000000073465372
0.000022560000000	0.000000208655451	0.000000068392539
0.000022600000000	0.000000151749419	0.000000080477282
0.000022640000000	0.000000075874709	0.000000070974292
0.000022680000000	0.000000132780742	0.000000062911986
0.000022720000000	0.000000075874709	0.000000075874709
0.000022760000000	0.000000037937355	0.000000059984225
0.000022800000000	0.000000094843387	0.000000062911986
0.000022840000000	0.000000037937355	0.000000059984225
0.000022880000000	0.000000170718096	0.000000073465372
0.000022920000000	0.000000018968677	0.000000068392539
0.000022960000000	0.000000018968677	0.000000062911986
0.000023000000000	0.000000000000000	0.000000065709426
0.000023040000000	0.000000056906032	0.000000056906032
0.000023080000000	0.000000113812064	0.000000070974292
0.000023120000000	0.000000075874709	0.000000070974292
0.000023160000000	0.000000189686774	0.000000075874709
0.000023200000000	0.000000000000000	0.000000080477282
0.000023240000000	0.000000075874709	0.000000059984225
0.000023280000000	0.000000170718096	0.000000062911986
0.000023320000000	0.000000018968677	0.000000068392539
0.000023360000000	-0.000000018968677	0.000000062911986
0.000023400000000	0.000000132780742	0.000000073465372
0.000023440000000	0.000000037937355	0.000000065709426
0.000023480000000	0.000000189686774	0.000000075874709
0.000023520000000	0.000000056906032	0.000000073465372
0.000023560000000	0.000000094843387	0.000000068392539
0.000023600000000	0.000000265561483	0.000000075874709
0.000023640000000	0.000000094843387	0.000000073465372
0.000023680000000	0.000000056906032	0.000000062911986
0.000023720000000	0.000000170718096	0.000000078209860
0.000023760000000	0.000000094843387	0.000000068392539
0.000023800000000	0.000000000000000	0.000000065709426
0.000023840000000	0.000000189686774	0.000000070974292
0.000023880000000	0.000000000000000	0.000000059984225
0.000023920000000	0.000000075874709	0.000000070974292
0.000023960000000	0.000000075874709	0.000000065709426
0.000024000000000	0.000000113812064	0.000000075874709
0.000024040000000	0.000000170718096	0.000000073465372
0.000024080000000	0.000000037937355	0.000000070974292
0.000024120000000	0.000000018968677	0.000000062911986
0.000024160000000	0.000000170718096	0.000000062911986
0.000024200000000	0.000000056906032	0.000000056906032
0.000024240000000	0.000000113812064	0.000000046463581
0.000024280000000	0.000000075874709	0.000000065709426
0.000024320000000	0.000000094843387	0.000000068392539
0.000024360000000	0.000000075874709	0.000000075874709
0.000024400000000	0.000000113812064	0.000000070974292
0.000024440000000	-0.000000018968677	0.000000068392539
0.000024480000000	0.000000075874709	0.000000075874709
0.000024520000000	0.000000037937355	0.000000075874709
0.000024560000000	0.000000170718096	0.000000082682548
0.000024600000000	0.000000094843387	0.000000073465372
0.000024640000000	0.000000113812064	0.000000070974292
0.000024680000000	0.000000189686774	0.000000065709426
0.000024720000000	0.000000113812064	0.000000059984225
0.000024760000000	0.000000056906032	0.000000062911986
0.000024800000000	0.000000189686774	0.000000065709426
0.000024840000000	0.000000037937355	0.000000065709426
0.000024880000000	0.000000151749419	0.000000065709426
0.000024920000000	0.000000056906032	0.000000056906032
0.000024960000000	0.000000189686774	0.000000070974292