#Bin Center	Bin Content	Bin Error
0.000000000000000	0.000000000000000	0.000000000000000
0.000000040000000	0.000000000000000	0.000000000000000
0.000000080000000	0.000000000000000	0.000000000000000
0.000000120000000	0.000000000000000	0.000000000000000
0.000000160000000	0.000000000000000	0.000000000000000
0.000000200000000	0.000000000000000	0.000000000000000
0.000000240000000	0.000000000000000	0.000000000000000
0.000000280000000	0.000000000000000	0.000000000000000
0.000000320000000	0.000000000000000	0.000000000000000
0.000000360000000	0.000000000000000	0.000000000000000
0.000000400000000	0.000000000000000	0.000000000000000
0.000000440000000	0.000000000000000	0.000000000000000
0.000000480000000	0.000000000000000	0.000000000000000
0.000000520000000	0.000000000000000	0.000000000000000
0.000000560000000	0.000000000000000	0.000000000000000
0.000000600000000	0.000000000000000	0.000000000000000
0.000000640000000	0.000000000000000	0.000000000000000
0.000000680000000	0.000000000000000	0.000000000000000
0.000000720000000	0.000000000000000	0.000000000000000
0.000000760000000	0.000000000000000	0.000000000000000
0.000000800000000	0.000000000000000	0.000000000000000
0.000000840000000	0.000000000000000	0.000000000000000
0.000000880000000	0.000000000000000	0.000000000000000
0.000000920000000	0.000000000000000	0.000000000000000
0.000000960000000	0.000000000000000	0.000000000000000
0.000001000000000	0.000000000000000	0.000000000000000
0.000001040000000	0.000000000000000	0.000000000000000
0.000001080000000	0.000000000000000	0.000000000000000
0.000001120000000	0.000000000000000	0.000000000000000
0.000001160000000	0.000000000000000	0.000000000000000
0.000001200000000	0.000000000000000	0.000000000000000
0.000001240000000	0.000000000000000	0.000000000000000
0.000001280000000	0.000000000000000	0.000000000000000
0.000001320000000	0.000000000000000	0.000000000000000
0.000001360000000	0.000000000000000	0.000000000000000
0.000001400000000	0.000000000000000	0.000000000000000
0.000001440000000	0.000000000000000	0.000000000000000
0.000001480000000	0.000000000000000	0.000000000000000
0.000001520000000	0.000000000000000	0.000000000000000
0.000001560000000	0.000000000000000	0.000000000000000
0.000001600000000	0.000000000000000	0.000000000000000
0.000001640000000	0.000000000000000	0.000000000000000
0.000001680000000	0.000000000000000	0.000000000000000
0.000001720000000	0.000000000000000	0.000000000000000
0.000001760000000	0.000000000000000	0.000000000000000
0.000001800000000	0.000000000000000	0.000000000000000
0.000001840000000	0.000000000000000	0.000000000000000
0.000001880000000	0.000000000000000	0.000000000000000
0.000001920000000	0.000000000000000	0.000000000000000
0.000001960000000	0.000000000000000	0.000000000000000
0.000002000000000	0.000000000000000	0.000000000000000
0.000002040000000	0.000000303589306	0.000000189321195
0.000002080000000	0.000000404785741	0.000000202392871
0.000002120000000	0.000000455383959	0.000000231870162
0.000002160000000	0.000000252991088	0.000000167815303
0.000002200000000	0.000000050598218	0.000000220552518
0.000002240000000	0.000000202392871	0.000000214670057
0.000002280000000	0.000000050598218	0.000000242660527
0.000002320000000	0.000000303589306	0.000000237326678
0.000002360000000	0.000000050598218	0.000000252991088
0.000002400000000	0.000000556580394	0.000000281718953
0.000002440000000	0.000000657776830	0.000000272479741
0.000002480000000	0.000000505982177	0.000000286226743
0.000002520000000	0.000000961366136	0.000000281718953
0.000002560000000	0.000000607178612	0.000000327913929
0.000002600000000	0.000000809571483	0.000000286226743
0.000002640000000	0.000000505982177	0.000000286226743
0.000002680000000	0.000000860169700	0.000000315985768
0.000002720000000	0.000000708375047	0.000000286226743
0.000002760000000	0.000000758973265	0.000000262916051
0.000002800000000	0.000000809571483	0.000000320011227
0.000002840000000	0.000000505982177	0.000000295035773
0.000002880000000	0.000000860169700	0.000000307776943
0.000002920000000	0.000000455383959	0.000000290664631
0.000002960000000	0.000000657776830	0.000000272479741
0.000003000000000	0.000000910767918	0.000000295035773
0.000003040000000	0.000000910767918	0.000000311908362
0.000003080000000	0.000000657776830	0.000000315985768
0.000003120000000	-0.000000101196435	0.000000311908362
0.000003160000000	0.000000860169700	0.000000252991088
0.000003200000000	0.000000455383959	0.000000315985768
0.000003240000000	0.000000809571483	0.000000311908362
0.000003280000000	0.000000354187524	0.000000354187524
0.000003320000000	0.000000050598218	0.000000307776943
0.000003360000000	0.000000860169700	0.000000272479741
0.000003400000000	0.000000607178612	0.000000277137852
0.000003440000000	0.000000657776830	0.000000290664631
0.000003480000000	0.000001163759006	0.000000281718953
0.000003520000000	0.000000607178612	0.000000295035773
0.000003560000000	0.000000809571483	0.000000320011227
0.000003600000000	0.000000455383959	0.000000307776943
0.000003640000000	0.000000556580394	0.000000290664631
0.000003680000000	0.000000708375047	0.000000311908362
0.000003720000000	0.000000809571483	0.000000247879630
0.000003760000000	0.000000303589306	0.000000311908362
0.000003800000000	0.000001011964353	0.000000295035773
0.000003840000000	-0.000000101196435	0.000000286226743
0.000003880000000	0.000000303589306	0.000000277137852
0.000003920000000	0.000000607178612	0.000000277137852
0.000003960000000	0.000000758973265	0.000000281718953
0.000004000000000	0.000001315553659	0.000000311908362
0.000004040000000	0.000000505982177	0.000000267740601
0.000004080000000	0.000000708375047	0.000000286226743
0.000004120000000	0.000000354187524	0.000000272479741
0.000004160000000	0.000000556580394	0.000000242660527
0.000004200000000	0.000000303589306	0.000000267740601
0.000004240000000	-0.000000050598218	0.000000252991088
0.000004280000000	0.000000505982177	0.000000267740601
0.000004320000000	0.000000000000000	0.000000247879630
0.000004360000000	0.000000505982177	0.000000226282108
0.000004400000000	0.000000910767918	0.000000258001299
0.000004440000000	0.000000910767918	0.000000311908362
0.000004480000000	0.000000657776830	0.000000242660527
0.000004520000000	0.000000505982177	0.000000267740601
0.000004560000000	0.000000758973265	0.000000252991088
0.000004600000000	0.000000505982177	0.000000237326678
0.000004640000000	0.000000252991088	0.000000262916051
0.000004680000000	0.000000404785741	0.000000237326678
0.000004720000000	0.000000758973265	0.000000252991088
0.000004760000000	0.000000607178612	0.000000202392871
0.000004800000000	0.000000657776830	0.000000252991088
0.000004840000000	0.000000354187524	0.000000220552518
0.000004880000000	0.000000607178612	0.000000214670057
0.000004920000000	0.000000505982177	0.000000237326678
0.000004960000000	0.000000404785741	0.000000214670057
0.000005000000000	0.000000556580394	0.000000231870162
0.000005040000000	0.000000657776830	0.000000242660527
0.000005080000000	0.000000252991088	0.000000242660527
0.000005120000000	0.000000151794653	0.000000208621796
0.000005160000000	0.000000455383959	0.000000208621796
0.000005200000000	0.000000556580394	0.000000262916051
0.000005240000000	0.000000202392871	0.000000160005613
0.000005280000000	0.000000101196435	0.000000214670057
0.000005320000000	0.000000556580394	0.000000208621796
0.000005360000000	0.000000607178612	0.000000214670057
0.000005400000000	0.000000404785741	0.000000247879630
0.000005440000000	0.000000404785741	0.000000202392871
0.000005480000000	0.000000151794653	0.000000195966054
0.000005520000000	0.000000607178612	0.000000258001299
0.000005560000000	0.000000303589306	0.000000202392871
0.000005600000000	-0.000000202392871	0.000000214670057
0.000005640000000	0.000000354187524	0.000000195966054
0.000005680000000	-0.000000050598218	0.000000182434468
0.000005720000000	0.000000404785741	0.000000214670057
0.000005760000000	0.000000354187524	0.000000208621796
0.000005800000000	0.000000252991088	0.000000182434468
0.000005840000000	0.000000556580394	0.000000195966054
0.000005880000000	0.000000202392871	0.000000189321195
0.000005920000000	0.000000354187524	0.000000208621796
0.000005960000000	0.000000202392871	0.000000214670057
0.000006000000000	-0.000000151794653	0.000000195966054
0.000006040000000	0.000000354187524	0.000000220552518
0.000006080000000	0.000000455383959	0.000000208621796
0.000006120000000	0.000000354187524	0.000000195966054
0.000006160000000	0.000000708375047	0.000000247879630
0.000006200000000	0.000000607178612	0.000000189321195
0.000006240000000	0.000000101196435	0.000000143113371
0.000006280000000	-0.000000050598218	0.000000182434468
0.000006320000000	0.000000354187524	0.000000167815303
0.000006360000000	0.000000252991088	0.000000208621796
0.000006400000000	0.000000202392871	0.000000143113371
0.000006440000000	-0.000000050598218	0.000000167815303
0.000006480000000	0.000000404785741	0.000000202392871
0.000006520000000	0.000000050598218	0.000000167815303
0.000006560000000	0.000000404785741	0.000000214670057
0.000006600000000	0.000000354187524	0.000000182434468
0.000006640000000	0.000000151794653	0.000000167815303
0.000006680000000	0.000000202392871	0.000000214670057
0.000006720000000	0.000000151794653	0.000000133870301
0.000006760000000	0.000000556580394	0.000000182434468
0.000006800000000	0.000000354187524	0.000000167815303
0.000006840000000	0.000000202392871	0.000000175277368
0.000006880000000	0.000000101196435	0.000000143113371
0.000006920000000	0.000000404785741	0.000000189321195
0.000006960000000	0.000000303589306	0.000000175277368
0.000007000000000	0.000000505982177	0.000000214670057
0.000007040000000	0.000000252991088	0.000000151794653
0.000007080000000	-0.000000050598218	0.000000133870301
0.000007120000000	-0.000000151794653	0.000000133870301
0.000007160000000	0.000000303589306	0.000000175277368
0.000007200000000	0.000000101196435	0.000000160005613
0.000007240000000	0.000000050598218	0.000000113141054
0.000007280000000	0.000000050598218	0.000000133870301
0.000007320000000	0.000000050598218	0.000000151794653
0.000007360000000	0.000000101196435	0.000000071556686
0.000007400000000	0.000000202392871	0.000000160005613
0.000007440000000	0.000000000000000	0.000000123939815
0.000007480000000	0.000000050598218	0.000000151794653
0.000007520000000	0.000000101196435	0.000000160005613
0.000007560000000	-0.000000050598218	0.000000182434468
0.000007600000000	0.000000151794653	0.000000151794653
0.000007640000000	0.000000151794653	0.000000167815303
0.000007680000000	0.000000050598218	0.000000167815303
0.000007720000000	-0.000000050598218	0.000000133870301
0.000007760000000	0.000000404785741	0.000000143113371
0.000007800000000	0.000000404785741	0.000000175277368
0.000007840000000	-0.000000252991088	0.000000113141054
0.000007880000000	0.000000151794653	0.000000113141054
0.000007920000000	-0.000000050598218	0.000000133870301
0.000007960000000	-0.000000101196435	0.000000123939815
0.000008000000000	0.000000000000000	0.000000123939815
0.000008040000000	0.000000000000000	0.000000123939815
0.000008080000000	0.000000252991088	0.000000133870301
0.000008120000000	0.000000000000000	0.000000143113371
0.000008160000000	0.000000000000000	0.000000143113371
0.000008200000000	-0.000000202392871	0.000000123939815
0.000008240000000	0.000000151794653	0.000000087638684
0.000008280000000	0.000000303589306	0.000000160005613
0.000008320000000	0.000000050598218	0.000000133870301
0.000008360000000	0.000000101196435	0.000000123939815
0.000008400000000	-0.000000101196435	0.000000123939815
0.000008440000000	0.000000202392871	0.000000160005613
0.000008480000000	0.000000050598218	0.000000133870301
0.000008520000000	-0.000000050598218	0.000000113141054
0.000008560000000	0.000000151794653	0.000000113141054
0.000008600000000	-0.000000050598218	0.000000113141054
0.000008640000000	0.000000000000000	0.000000123939815
0.000008680000000	-0.000000151794653	0.000000113141054
0.000008720000000	0.000000050598218	0.000000113141054
0.000008760000000	0.000000303589306	0.000000143113371
0.000008800000000	0.000000000000000	0.000000123939815
0.000008840000000	0.000000151794653	0.000000113141054
0.000008880000000	0.000000000000000	0.000000101196435
0.000008920000000	0.000000202392871	0.000000101196435
0.000008960000000	0.000000101196435	0.000000123939815
0.000009000000000	0.000000000000000	0.000000071556686
0.000009040000000	0.000000101196435	0.000000071556686
0.000009080000000	0.000000101196435	0.000000123939815
0.000009120000000	0.000000151794653	0.000000113141054
0.000009160000000	0.000000050598218	0.000000133870301
0.000009200000000	0.000000050598218	0.000000087638684
0.000009240000000	0.000000050598218	0.000000087638684
0.000009280000000	0.000000202392871	0.000000101196435
0.000009320000000	0.000000101196435	0.000000123939815
0.000009360000000	0.000000000000000	0.000000101196435
0.000009400000000	-0.000000101196435	0.000000101196435
0.000009440000000	0.000000050598218	0.000000113141054
0.000009480000000	-0.000000050598218	0.000000167815303
0.000009520000000	-0.000000050598218	0.000000050598218
0.000009560000000	0.000000202392871	0.000000101196435
0.000009600000000	0.000000303589306	0.000000123939815
0.000009640000000	-0.000000050598218	0.000000087638684
0.000009680000000	0.000000101196435	0.000000160005613
0.000009720000000	-0.000000101196435	0.000000101196435
0.000009760000000	0.000000000000000	0.000000000000000
0.000009800000000	0.000000000000000	0.000000101196435
0.000009840000000	0.000000000000000	0.000000101196435
0.000009880000000	0.000000303589306	0.000000143113371
0.000009920000000	0.000000101196435	0.000000101196435
0.000009960000000	0.000000151794653	0.000000113141054
0.000010000000000	0.000000151794653	0.000000087638684
0.000010040000000	0.000000050598218	0.000000113141054
0.000010080000000	0.000000151794653	0.000000113141054
0.000010120000000	0.000000050598218	0.000000113141054
0.000010160000000	-0.000000050598218	0.000000087638684
0.000010200000000	0.000000050598218	0.000000133870301
0.000010240000000	0.000000050598218	0.000000050598218
0.000010280000000	-0.000000050598218	0.000000087638684
0.000010320000000	0.000000151794653	0.000000113141054
0.000010360000000	0.000000050598218	0.000000087638684
0.000010400000000	-0.000000050598218	0.000000113141054
0.000010440000000	0.000000000000000	0.000000071556686
0.000010480000000	0.000000050598218	0.000000050598218
0.000010520000000	0.000000101196435	0.000000101196435
0.000010560000000	0.000000151794653	0.000000087638684
0.000010600000000	-0.000000050598218	0.000000087638684
0.000010640000000	0.000000000000000	0.000000123939815
0.000010680000000	0.000000000000000	0.000000101196435
0.000010720000000	0.000000202392871	0.000000101196435
0.000010760000000	-0.000000050598218	0.000000133870301
0.000010800000000	0.000000000000000	0.000000101196435
0.000010840000000	0.000000050598218	0.000000050598218
0.000010880000000	0.000000101196435	0.000000101196435
0.000010920000000	0.000000000000000	0.000000000000000
0.000010960000000	0.000000101196435	0.000000071556686
0.000011000000000	0.000000000000000	0.000000000000000
0.000011040000000	0.000000000000000	0.000000071556686
0.000011080000000	0.000000050598218	0.000000050598218
0.000011120000000	-0.000000050598218	0.000000087638684
0.000011160000000	0.000000050598218	0.000000050598218
0.000011200000000	0.000000101196435	0.000000071556686
0.000011240000000	0.000000050598218	0.000000050598218
0.000011280000000	0.000000050598218	0.000000087638684
0.000011320000000	0.000000050598218	0.000000050598218
0.000011360000000	-0.000000050598218	0.000000050598218
0.000011400000000	0.000000101196435	0.000000101196435
0.000011440000000	0.000000050598218	0.000000133870301
0.000011480000000	0.000000000000000	0.000000000000000
0.000011520000000	0.000000000000000	0.000000071556686
0.000011560000000	-0.000000050598218	0.000000087638684
0.000011600000000	0.000000101196435	0.000000071556686
0.000011640000000	0.000000000000000	0.000000071556686
0.000011680000000	0.000000050598218	0.000000050598218
0.000011720000000	0.000000050598218	0.000000050598218
0.000011760000000	0.000000101196435	0.000000071556686
0.000011800000000	0.000000202392871	0.000000123939815
0.000011840000000	0.000000202392871	0.000000101196435
0.000011880000000	0.000000151794653	0.000000113141054
0.000011920000000	0.000000202392871	0.000000101196435
0.000011960000000	0.000000050598218	0.000000050598218
0.000012000000000	0.000000050598218	0.000000087638684
0.000012040000000	0.000000151794653	0.000000087638684
0.000012080000000	0.000000000000000	0.000000071556686
0.000012120000000	0.000000000000000	0.000000071556686
0.000012160000000	0.000000000000000	0.000000101196435
0.000012200000000	0.000000050598218	0.000000113141054
0.000012240000000	0.000000000000000	0.000000000000000
0.000012280000000	0.000000000000000	0.000000123939815
0.000012320000000	-0.000000101196435	0.000000071556686
0.000012360000000	0.000000101196435	0.000000101196435
0.000012400000000	0.000000000000000	0.000000000000000
0.000012440000000	0.000000050598218	0.000000050598218
0.000012480000000	0.000000000000000	0.000000071556686
0.000012520000000	-0.000000050598218	0.000000050598218
0.000012560000000	-0.000000050598218	0.000000087638684
0.000012600000000	0.000000000000000	0.000000000000000
0.000012640000000	0.000000101196435	0.000000101196435
0.000012680000000	0.000000151794653	0.000000087638684
0.000012720000000	0.000000000000000	0.000000000000000
0.000012760000000	0.000000000000000	0.000000000000000
0.000012800000000	0.000000000000000	0.000000000000000
0.000012840000000	0.000000000000000	0.000000000000000
0.000012880000000	0.000000101196435	0.000000071556686
0.000012920000000	0.000000050598218	0.000000113141054
0.000012960000000	-0.000000050598218	0.000000050598218
0.000013000000000	-0.000000050598218	0.000000050598218
0.000013040000000	0.000000000000000	0.000000071556686
0.000013080000000	-0.000000101196435	0.000000071556686
0.000013120000000	0.000000000000000	0.000000101196435
0.000013160000000	0.000000050598218	0.000000087638684
0.000013200000000	0.000000000000000	0.000000071556686
0.000013240000000	0.000000000000000	0.000000000000000
0.000013280000000	0.000000000000000	0.000000000000000
0.000013320000000	-0.000000101196435	0.000000071556686
0.000013360000000	-0.000000050598218	0.000000050598218
0.000013400000000	0.000000000000000	0.000000071556686
0.000013440000000	0.000000000000000	0.000000000000000
0.000013480000000	-0.000000151794653	0.000000087638684
0.000013520000000	0.000000050598218	0.000000050598218
0.000013560000000	-0.000000050598218	0.000000050598218
0.000013600000000	0.000000050598218	0.000000087638684
0.000013640000000	-0.000000050598218	0.000000050598218
0.000013680000000	0.000000101196435	0.000000071556686
0.000013720000000	0.000000050598218	0.000000050598218
0.000013760000000	-0.000000050598218	0.000000050598218
0.000013800000000	0.000000101196435	0.000000071556686
0.000013840000000	0.000000151794653	0.000000087638684
0.000013880000000	0.000000050598218	0.000000050598218
0.000013920000000	0.000000050598218	0.000000050598218
0.000013960000000	0.000000050598218	0.000000050598218
0.000014000000000	0.000000101196435	0.000000071556686
0.000014040000000	-0.000000101196435	0.000000071556686
0.000014080000000	0.000000000000000	0.000000071556686
0.000014120000000	0.000000202392871	0.000000101196435
0.000014160000000	0.000000101196435	0.000000071556686
0.000014200000000	0.000000050598218	0.000000050598218
0.000014240000000	0.000000050598218	0.000000087638684
0.000014280000000	0.000000000000000	0.000000071556686
0.000014320000000	0.000000050598218	0.000000050598218
0.000014360000000	0.000000151794653	0.000000133870301
0.000014400000000	0.000000101196435	0.000000071556686
0.000014440000000	0.000000050598218	0.000000050598218
0.000014480000000	0.000000050598218	0.000000050598218
0.000014520000000	0.000000050598218	0.000000087638684
0.000014560000000	-0.000000050598218	0.000000050598218
0.000014600000000	0.000000050598218	0.000000050598218
0.000014640000000	0.000000050598218	0.000000050598218
0.000014680000000	0.000000000000000	0.000000000000000
0.000014720000000	0.000000000000000	0.000000000000000
0.000014760000000	0.000000000000000	0.000000000000000
0.000014800000000	0.000000000000000	0.000000071556686
0.000014840000000	0.000000050598218	0.000000050598218
0.000014880000000	0.000000101196435	0.000000071556686
0.000014920000000	-0.000000050598218	0.000000050598218
0.000014960000000	0.000000050598218	0.000000050598218
0.000015000000000	0.000000101196435	0.000000071556686
0.000015040000000	-0.000000050598218	0.000000050598218
0.000015080000000	0.000000000000000	0.000000000000000
0.000015120000000	0.000000050598218	0.000000050598218
0.000015160000000	0.000000000000000	0.000000000000000
0.000015200000000	0.000000000000000	0.000000000000000
0.000015240000000	0.000000050598218	0.000000050598218
0.000015280000000	0.000000000000000	0.000000000000000
0.000015320000000	0.000000000000000	0.000000000000000
0.000015360000000	0.000000000000000	0.000000000000000
0.000015400000000	0.000000101196435	0.000000101196435
0.000015440000000	0.000000000000000	0.000000000000000
0.000015480000000	0.000000000000000	0.000000000000000
0.000015520000000	0.000000050598218	0.000000050598218
0.000015560000000	0.000000101196435	0.000000071556686
0.000015600000000	0.000000000000000	0.000000071556686
0.000015640000000	0.000000050598218	0.000000087638684
0.000015680000000	0.000000050598218	0.000000087638684
0.000015720000000	0.000000151794653	0.000000087638684
0.000015760000000	0.000000050598218	0.000000050598218
0.000015800000000	0.000000000000000	0.000000000000000
0.000015840000000	-0.000000050598218	0.000000050598218
0.000015880000000	0.000000000000000	0.000000071556686
0.000015920000000	0.000000000000000	0.000000000000000
0.000015960000000	-0.000000050598218	0.000000050598218
0.000016000000000	0.000000000000000	0.000000000000000
0.000016040000000	0.000000000000000	0.000000071556686
0.000016080000000	0.000000050598218	0.000000050598218
0.000016120000000	0.000000050598218	0.000000050598218
0.000016160000000	0.000000000000000	0.000000000000000
0.000016200000000	0.000000000000000	0.000000000000000
0.000016240000000	0.000000050598218	0.000000050598218
0.000016280000000	0.000000050598218	0.000000050598218
0.000016320000000	0.000000000000000	0.000000000000000
0.000016360000000	0.000000000000000	0.000000000000000
0.000016400000000	-0.000000050598218	0.000000050598218
0.000016440000000	0.000000050598218	0.000000050598218
0.000016480000000	0.000000050598218	0.000000050598218
0.000016520000000	0.000000000000000	0.000000071556686
0.000016560000000	0.000000101196435	0.000000071556686
0.000016600000000	0.000000000000000	0.000000000000000
0.000016640000000	0.000000000000000	0.000000071556686
0.000016680000000	0.000000050598218	0.000000050598218
0.000016720000000	-0.000000050598218	0.000000050598218
0.000016760000000	0.000000050598218	0.000000050598218
0.000016800000000	-0.000000050598218	0.000000087638684
0.000016840000000	0.000000050598218	0.000000050598218
0.000016880000000	0.000000000000000	0.000000000000000
0.000016920000000	-0.000000050598218	0.000000050598218
0.000016960000000	0.000000050598218	0.000000050598218
0.000017000000000	0.000000050598218	0.000000050598218
0.000017040000000	0.000000000000000	0.000000000000000
0.000017080000000	0.000000050598218	0.000000050598218
0.000017120000000	0.000000000000000	0.000000000000000
0.000017160000000	-0.000000050598218	0.000000050598218
0.000017200000000	0.000000000000000	0.000000000000000
0.000017240000000	0.000000050598218	0.000000050598218
0.000017280000000	0.000000050598218	0.000000050598218
0.000017320000000	0.000000050598218	0.000000050598218
0.000017360000000	0.000000101196435	0.000000071556686
0.000017400000000	0.000000000000000	0.000000000000000
0.000017440000000	-0.000000101196435	0.000000071556686
0.000017480000000	0.000000000000000	0.000000000000000
0.000017520000000	0.000000000000000	0.000000000000000
0.000017560000000	0.000000050598218	0.000000050598218
0.000017600000000	0.000000000000000	0.000000000000000
0.000017640000000	0.000000000000000	0.000000000000000
0.000017680000000	0.000000000000000	0.000000000000000
0.000017720000000	0.000000000000000	0.000000000000000
0.000017760000000	0.000000050598218	0.000000050598218
0.000017800000000	0.000000050598218	0.000000050598218
0.000017840000000	-0.000000050598218	0.000000050598218
0.000017880000000	-0.000000050598218	0.000000087638684
0.000017920000000	0.000000000000000	0.000000000000000
0.000017960000000	0.000000050598218	0.000000050598218
0.000018000000000	0.000000000000000	0.000000000000000
0.000018040000000	0.000000050598218	0.000000050598218
0.000018080000000	0.000000050598218	0.000000050598218
0.000018120000000	0.000000000000000	0.000000000000000
0.000018160000000	0.000000000000000	0.000000000000000
0.000018200000000	0.000000050598218	0.000000050598218
0.000018240000000	0.000000000000000	0.000000000000000
0.000018280000000	0.000000000000000	0.000000000000000
0.000018320000000	0.000000000000000	0.000000071556686
0.000018360000000	0.000000000000000	0.000000000000000
0.000018400000000	0.000000000000000	0.000000000000000
0.000018440000000	0.000000050598218	0.000000050598218
0.000018480000000	0.000000000000000	0.000000000000000
0.000018520000000	0.000000000000000	0.000000000000000
0.000018560000000	0.000000000000000	0.000000000000000
0.000018600000000	-0.000000050598218	0.000000050598218
0.000018640000000	0.000000000000000	0.000000000000000
0.000018680000000	0.000000101196435	0.000000071556686
0.000018720000000	0.000000000000000	0.000000000000000
0.000018760000000	0.000000000000000	0.000000000000000
0.000018800000000	0.000000000000000	0.000000000000000
0.000018840000000	0.000000050598218	0.000000087638684
0.000018880000000	0.000000050598218	0.000000050598218
0.000018920000000	0.000000000000000	0.000000000000000
0.000018960000000	0.000000101196435	0.000000071556686
0.000019000000000	0.000000000000000	0.000000000000000
0.000019040000000	0.000000000000000	0.000000000000000
0.000019080000000	0.000000000000000	0.000000000000000
0.000019120000000	0.000000000000000	0.000000000000000
0.000019160000000	0.000000000000000	0.000000000000000
0.000019200000000	-0.000000101196435	0.000000071556686
0.000019240000000	0.000000000000000	0.000000000000000
0.000019280000000	0.000000000000000	0.000000000000000
0.000019320000000	-0.000000050598218	0.000000050598218
0.000019360000000	0.000000050598218	0.000000050598218
0.000019400000000	0.000000050598218	0.000000050598218
0.000019440000000	0.000000000000000	0.000000000000000
0.000019480000000	0.000000000000000	0.000000000000000
0.000019520000000	0.000000000000000	0.000000000000000
0.000019560000000	-0.000000050598218	0.000000050598218
0.000019600000000	0.000000000000000	0.000000000000000
0.000019640000000	0.000000000000000	0.000000000000000
0.000019680000000	0.000000000000000	0.000000000000000
0.000019720000000	0.000000000000000	0.000000000000000
0.000019760000000	0.000000000000000	0.000000000000000
0.000019800000000	0.000000000000000	0.000000000000000
0.000019840000000	0.000000000000000	0.000000071556686
0.000019880000000	0.000000000000000	0.000000000000000
0.000019920000000	0.000000000000000	0.000000000000000
0.000019960000000	0.000000000000000	0.000000000000000
0.000020000000000	0.000000000000000	0.000000000000000
0.000020040000000	-0.000000050598218	0.000000050598218
0.000020080000000	0.000000000000000	0.000000071556686
0.000020120000000	0.000000000000000	0.000000000000000
0.000020160000000	0.000000000000000	0.000000000000000
0.000020200000000	0.000000050598218	0.000000050598218
0.000020240000000	0.000000000000000	0.000000000000000
0.000020280000000	-0.000000050598218	0.000000050598218
0.000020320000000	0.000000000000000	0.000000000000000
0.000020360000000	0.000000000000000	0.000000000000000
0.000020400000000	0.000000000000000	0.000000000000000
0.000020440000000	0.000000000000000	0.000000000000000
0.000020480000000	0.000000000000000	0.000000000000000
0.000020520000000	0.000000050598218	0.000000050598218
0.000020560000000	0.000000050598218	0.000000050598218
0.000020600000000	-0.000000050598218	0.000000050598218
0.000020640000000	0.000000000000000	0.000000000000000
0.000020680000000	0.000000000000000	0.000000000000000
0.000020720000000	0.000000000000000	0.000000000000000
0.000020760000000	-0.000000050598218	0.000000050598218
0.000020800000000	0.000000000000000	0.000000000000000
0.000020840000000	0.000000000000000	0.000000000000000
0.000020880000000	0.000000000000000	0.000000000000000
0.000020920000000	0.000000000000000	0.000000000000000
0.000020960000000	-0.000000050598218	0.000000050598218
0.000021000000000	0.000000000000000	0.000000000000000
0.000021040000000	0.000000050598218	0.000000050598218
0.000021080000000	0.000000000000000	0.000000000000000
0.000021120000000	-0.000000050598218	0.000000050598218
0.000021160000000	0.000000050598218	0.000000050598218
0.000021200000000	0.000000000000000	0.000000000000000
0.000021240000000	0.000000000000000	0.000000000000000
0.000021280000000	-0.000000050598218	0.000000050598218
0.000021320000000	0.000000101196435	0.000000071556686
0.000021360000000	0.000000000000000	0.000000000000000
0.000021400000000	0.000000000000000	0.000000000000000
0.000021440000000	0.000000000000000	0.000000000000000
0.000021480000000	-0.000000101196435	0.000000071556686
0.000021520000000	0.000000000000000	0.000000000000000
0.000021560000000	0.000000000000000	0.000000000000000
0.000021600000000	0.000000000000000	0.000000000000000
0.000021640000000	0.000000050598218	0.000000050598218
0.000021680000000	0.000000000000000	0.000000000000000
0.000021720000000	0.000000050598218	0.000000050598218
0.000021760000000	0.000000000000000	0.000000000000000
0.000021800000000	0.000000000000000	0.000000000000000
0.000021840000000	0.000000000000000	0.000000000000000
0.000021880000000	0.000000000000000	0.000000000000000
0.000021920000000	0.000000050598218	0.000000050598218
0.000021960000000	0.000000000000000	0.000000000000000
0.000022000000000	0.000000101196435	0.000000071556686
0.000022040000000	0.000000050598218	0.000000050598218
0.000022080000000	0.000000000000000	0.000000000000000
0.000022120000000	0.000000151794653	0.000000087638684
0.000022160000000	0.000000050598218	0.000000050598218
0.000022200000000	0.000000000000000	0.000000000000000
0.000022240000000	0.000000000000000	0.000000000000000
0.000022280000000	-0.000000050598218	0.000000050598218
0.000022320000000	0.000000050598218	0.000000050598218
0.000022360000000	0.000000000000000	0.000000000000000
0.000022400000000	0.000000050598218	0.000000050598218
0.000022440000000	0.000000000000000	0.000000000000000
0.000022480000000	0.000000050598218	0.000000050598218
0.000022520000000	0.000000000000000	0.000000000000000
0.000022560000000	0.000000050598218	0.000000050598218
0.000022600000000	0.000000000000000	0.000000000000000
0.000022640000000	0.000000000000000	0.000000000000000
0.000022680000000	-0.000000050598218	0.000000050598218
0.000022720000000	0.000000101196435	0.000000071556686
0.000022760000000	0.000000000000000	0.000000000000000
0.000022800000000	0.000000000000000	0.000000000000000
0.000022840000000	0.000000000000000	0.000000000000000
0.000022880000000	0.000000000000000	0.000000000000000
0.000022920000000	0.000000050598218	0.000000050598218
0.000022960000000	0.000000101196435	0.000000071556686
0.000023000000000	0.000000000000000	0.000000000000000
0.000023040000000	0.000000000000000	0.000000000000000
0.000023080000000	0.000000000000000	0.000000000000000
0.000023120000000	0.000000000000000	0.000000000000000
0.000023160000000	0.000000000000000	0.000000000000000
0.000023200000000	0.000000000000000	0.000000000000000
0.000023240000000	0.000000000000000	0.000000000000000
0.000023280000000	0.000000000000000	0.000000000000000
0.000023320000000	0.000000000000000	0.000000000000000
0.000023360000000	0.000000000000000	0.000000000000000
0.000023400000000	0.000000000000000	0.000000000000000
0.000023440000000	0.000000000000000	0.000000071556686
0.000023480000000	0.000000050598218	0.000000050598218
0.000023520000000	0.000000050598218	0.000000050598218
0.000023560000000	0.000000101196435	0.000000071556686
0.000023600000000	0.000000050598218	0.000000050598218
0.000023640000000	0.000000000000000	0.000000000000000
0.000023680000000	-0.000000050598218	0.000000050598218
0.000023720000000	0.000000000000000	0.000000000000000
0.000023760000000	0.000000000000000	0.000000000000000
0.000023800000000	0.000000000000000	0.000000000000000
0.000023840000000	0.000000000000000	0.000000000000000
0.000023880000000	0.000000101196435	0.000000071556686
0.000023920000000	0.000000000000000	0.000000000000000
0.000023960000000	0.000000000000000	0.000000000000000
0.000024000000000	0.000000050598218	0.000000050598218
0.000024040000000	0.000000101196435	0.000000071556686
0.000024080000000	-0.000000050598218	0.000000087638684
0.000024120000000	-0.000000050598218	0.000000050598218
0.000024160000000	0.000000000000000	0.000000000000000
0.000024200000000	0.000000000000000	0.000000000000000
0.000024240000000	0.000000000000000	0.000000000000000
0.000024280000000	0.000000000000000	0.000000000000000
0.000024320000000	0.000000000000000	0.000000000000000
0.000024360000000	0.000000000000000	0.000000000000000
0.000024400000000	0.000000000000000	0.000000000000000
0.000024440000000	0.000000000000000	0.000000000000000
0.000024480000000	0.000000000000000	0.000000000000000
0.000024520000000	0.000000000000000	0.000000000000000
0.000024560000000	0.000000000000000	0.000000000000000
0.000024600000000	0.000000000000000	0.000000071556686
0.000024640000000	-0.000000050598218	0.000000050598218
0.000024680000000	0.000000050598218	0.000000050598218
0.000024720000000	0.000000000000000	0.000000000000000
0.000024760000000	0.000000000000000	0.000000000000000
0.000024800000000	-0.000000050598218	0.000000050598218
0.000024840000000	0.000000000000000	0.000000000000000
0.000024880000000	0.000000000000000	0.000000000000000
0.000024920000000	0.000000000000000	0.000000000000000
0.000024960000000	0.000000000000000	0.000000000000000