#Bin Center	Bin Content	Bin Error
0.500000000000000	0.000000000000000	0.000000000000000
1.500000000000000	0.000000000000000	0.000000000000000
2.500000000000000	0.000000000000000	0.000000000000000
3.500000000000000	0.000000000000000	0.000000000000000
4.500000000000000	0.000000000000000	0.000000000000000
5.500000000000000	0.000000000000000	0.000000000000000
6.500000000000000	0.000000000000000	0.000000000000000
7.500000000000000	0.000000000000000	0.000000000000000
8.500000000000000	0.000000000000000	0.000000000000000
9.500000000000000	0.000000000000000	0.000000000000000
10.500000000000000	0.000043400333832	0.000001460957631
11.500000000000000	0.000037975292103	0.000001257381529
12.500000000000000	0.000035907706269	0.000001153039728
13.500000000000000	0.000030046384960	0.000001045172402
14.500000000000000	0.000029344543898	0.000000975919556
15.500000000000000	0.000025133497521	0.000000911089092
16.500000000000000	0.000022705506817	0.000000863647860
17.500000000000000	0.000020486171564	0.000000820271936
18.500000000000000	0.000020353390822	0.000000800963492
19.500000000000000	0.000018741053245	0.000000754943827
20.500000000000000	0.000017697775990	0.000000739778418
21.500000000000000	0.000016047501058	0.000000728752787
22.500000000000000	0.000016085438413	0.000000722305715
23.500000000000000	0.000013960946547	0.000000688121290
24.500000000000000	0.000013941977870	0.000000685764255
25.500000000000000	0.000012462421035	0.000000657367992
26.500000000000000	0.000013183230775	0.000000637358851
27.500000000000000	0.000013467760936	0.000000644935031
28.500000000000000	0.000012045110132	0.000000620771522
29.500000000000000	0.000011874392036	0.000000595628551
30.500000000000000	0.000011684705262	0.000000597438060
31.500000000000000	0.000010717302716	0.000000566842989
32.500000000000000	0.000011267394360	0.000000577844572
33.500000000000000	0.000010356897846	0.000000554975655
34.500000000000000	0.000009939586944	0.000000533825900
35.500000000000000	0.000009901649589	0.000000535172247
36.500000000000000	0.000009920618267	0.000000536850433
37.500000000000000	0.000008801466302	0.000000509689455
38.500000000000000	0.000009503307364	0.000000517048708
39.500000000000000	0.000008554873496	0.000000492820694
40.500000000000000	0.000009408463977	0.000000496095287
41.500000000000000	0.000008839403656	0.000000490258668
42.500000000000000	0.000008877341011	0.000000501864030
43.500000000000000	0.000007701283014	0.000000466182020
44.500000000000000	0.000007435721531	0.000000461527840
45.500000000000000	0.000007872001110	0.000000454061167
46.500000000000000	0.000006221726179	0.000000437514918
47.500000000000000	0.000007435721531	0.000000460747573
48.500000000000000	0.000007473658885	0.000000432552396
49.500000000000000	0.000006544193694	0.000000437103527
50.500000000000000	0.000007283972112	0.000000439156631
51.500000000000000	0.000006487287662	0.000000419889573
52.500000000000000	0.000006658005758	0.000000438746779
53.500000000000000	0.000006714911790	0.000000431719763
54.500000000000000	0.000006714911790	0.000000421599924
55.500000000000000	0.000006278632211	0.000000428792815
56.500000000000000	0.000006316569566	0.000000406390356
57.500000000000000	0.000006449350307	0.000000418172226
58.500000000000000	0.000005614728503	0.000000400594036
59.500000000000000	0.000006392444275	0.000000431302844
60.500000000000000	0.000005311229665	0.000000409477467
61.500000000000000	0.000005178448923	0.000000397437928
62.500000000000000	0.000005766477922	0.000000414716198
63.500000000000000	0.000005671634535	0.000000412541478
64.500000000000000	0.000005538853793	0.000000401491224
65.500000000000000	0.000006107914114	0.000000419889573
66.500000000000000	0.000004988762149	0.000000391968338
67.500000000000000	0.000005614728503	0.000000408597815
68.500000000000000	0.000004476607860	0.000000407716266
69.500000000000000	0.000004799075376	0.000000402833260
70.500000000000000	0.000005330198342	0.000000395623134
71.500000000000000	0.000004723200666	0.000000397437928
72.500000000000000	0.000005083605536	0.000000405060105
73.500000000000000	0.000005045668181	0.000000398793604
74.500000000000000	0.000004723200666	0.000000399244473
75.500000000000000	0.000004173109022	0.000000390588973
76.500000000000000	0.000004211046377	0.000000399694834
77.500000000000000	0.000004780106698	0.000000402386412
78.500000000000000	0.000004552482570	0.000000400594036
79.500000000000000	0.000004211046377	0.000000395168133
80.500000000000000	0.000004286921087	0.000000396985007
81.500000000000000	0.000003604048701	0.000000389666684
82.500000000000000	0.000005007730827	0.000000411231126
83.500000000000000	0.000004116202990	0.000000398342225
84.500000000000000	0.000004666294634	0.000000385955488
85.500000000000000	0.000004192077700	0.000000381737268
86.500000000000000	0.000004135171668	0.000000379373547
87.500000000000000	0.000003774766797	0.000000390128101
88.500000000000000	0.000003964453571	0.000000384554556
89.500000000000000	0.000003888578862	0.000000380793541
90.500000000000000	0.000004419701828	0.000000397437928
91.500000000000000	0.000003623017378	0.000000375081314
92.500000000000000	0.000003395393250	0.000000366346010
93.500000000000000	0.000003357455895	0.000000388279142
94.500000000000000	0.000002826332929	0.000000362396072
95.500000000000000	0.000003376424573	0.000000356893535
96.500000000000000	0.000002845301606	0.000000358904219
97.500000000000000	0.000002921176316	0.000000365854600
98.500000000000000	0.000003034988380	0.000000367816301
99.500000000000000	0.000001972742447	0.000000353856088
100.500000000000000	0.000003831672830	0.000000376517495
101.500000000000000	0.000002674583510	0.000000348218628
102.500000000000000	0.000003016019702	0.000000363387582
103.500000000000000	0.000002750458219	0.000000357397266
104.500000000000000	0.000002826332929	0.000000363387582
105.500000000000000	0.000002788395574	0.000000349250389
106.500000000000000	0.000002465928059	0.000000350792341
107.500000000000000	0.000002067585834	0.000000352327545
108.500000000000000	0.000001896867737	0.000000365854600
109.500000000000000	0.000002864270283	0.000000364376394
110.500000000000000	0.000003072925735	0.000000358904219
111.500000000000000	0.000002124491866	0.000000355883933
112.500000000000000	0.000002105523189	0.000000348218628
113.500000000000000	0.000002238303930	0.000000345625751
114.500000000000000	0.000002503865413	0.000000362892166
115.500000000000000	0.000002086554511	0.000000340380746
116.500000000000000	0.000002238303930	0.000000365854600
117.500000000000000	0.000002712520864	0.000000349250389
118.500000000000000	0.000002409022026	0.000000344060645
119.500000000000000	0.000002105523189	0.000000357397266
120.500000000000000	0.000001707180964	0.000000343537358
121.500000000000000	0.000001669243609	0.000000344583137
122.500000000000000	0.000002845301606	0.000000357900289
123.500000000000000	0.000001555431545	0.000000348734890
124.500000000000000	0.000001991711124	0.000000339851793
125.500000000000000	0.000001195026675	0.000000351304821
126.500000000000000	0.000001688212286	0.000000345104837
127.500000000000000	0.000002181397898	0.000000356389092
128.500000000000000	0.000002067585834	0.000000347183801
129.500000000000000	0.000001915836415	0.000000340908878
130.500000000000000	0.000001764086996	0.000000356389092
131.500000000000000	0.000001972742447	0.000000333978029
132.500000000000000	0.000001612337577	0.000000345104837
133.500000000000000	0.000002105523189	0.000000355378057
134.500000000000000	0.000002086554511	0.000000340380746
135.500000000000000	0.000001820993028	0.000000346665229
136.500000000000000	0.000001631306254	0.000000337194585
137.500000000000000	0.000001517494190	0.000000345625751
138.500000000000000	0.000000853590482	0.000000349250389
139.500000000000000	0.000001650274932	0.000000346145880
140.500000000000000	0.000001327807416	0.000000341436193
141.500000000000000	0.000001043277256	0.000000344060645
142.500000000000000	0.000001631306254	0.000000338259973
143.500000000000000	0.000001251932707	0.000000348734890
144.500000000000000	0.000001441619480	0.000000328547130
145.500000000000000	0.000001839961705	0.000000324691456
146.500000000000000	0.000000625966353	0.000000322467515
147.500000000000000	0.000000853590482	0.000000334516269
148.500000000000000	0.000000967402546	0.000000350279112
149.500000000000000	0.000001119151965	0.000000335590160
150.500000000000000	0.000000929465191	0.000000326900266
151.500000000000000	0.000001308838739	0.000000355378057
152.500000000000000	0.000001232964029	0.000000330185779
153.500000000000000	0.000001441619480	0.000000320789442
154.500000000000000	0.000001024308578	0.000000330730191
155.500000000000000	0.000001441619480	0.000000330730191
156.500000000000000	0.000001441619480	0.000000336125819
157.500000000000000	0.000001555431545	0.000000345625751
158.500000000000000	0.000001270901384	0.000000358402605
159.500000000000000	0.000000777715772	0.000000341962694
160.500000000000000	0.000001707180964	0.000000345625751
161.500000000000000	0.000001100183288	0.000000335053645
162.500000000000000	0.000001024308578	0.000000341436193
163.500000000000000	0.000001612337577	0.000000334516269
164.500000000000000	0.000001669243609	0.000000341436193
165.500000000000000	0.000001195026675	0.000000327999094
166.500000000000000	0.000000910496514	0.000000342488387
167.500000000000000	0.000000986371223	0.000000341436193
168.500000000000000	0.000001157089320	0.000000355378057
169.500000000000000	0.000000663903708	0.000000327999094
170.500000000000000	0.000000910496514	0.000000329640468
171.500000000000000	0.000000967402546	0.000000344060645
172.500000000000000	0.000000853590482	0.000000343013274
173.500000000000000	0.000001308838739	0.000000347183801
174.500000000000000	0.000000986371223	0.000000343537358
175.500000000000000	0.000001062245933	0.000000345625751
176.500000000000000	0.000000436279580	0.000000352327545
177.500000000000000	0.000000910496514	0.000000346665229
178.500000000000000	0.000000948433869	0.000000337194585
179.500000000000000	0.000000777715772	0.000000359405132
180.500000000000000	0.000001138120642	0.000000338259973
181.500000000000000	0.000000948433869	0.000000351816555
182.500000000000000	0.000000531122966	0.000000327450141
183.500000000000000	0.000000891527837	0.000000337727699
184.500000000000000	0.000000739778418	0.000000343013274
185.500000000000000	0.000000834621804	0.000000353856088
186.500000000000000	0.000000910496514	0.000000339322016
187.500000000000000	0.000000891527837	0.000000332358077
188.500000000000000	0.000001043277256	0.000000339851793
189.500000000000000	0.000000834621804	0.000000346665229
190.500000000000000	0.000001270901384	0.000000354364137
191.500000000000000	0.000000758747095	0.000000331816336
192.500000000000000	0.000001346776094	0.000000336660626
193.500000000000000	0.000000872559159	0.000000325245065
194.500000000000000	0.000000872559159	0.000000348734890
195.500000000000000	0.000000720809740	0.000000336125819
196.500000000000000	0.000000739778418	0.000000339851793
197.500000000000000	0.000000758747095	0.000000333978029
198.500000000000000	0.000000455248257	0.000000323024936
199.500000000000000	0.000000663903708	0.000000325797733
200.500000000000000	0.000001176057997	0.000000331816336
201.500000000000000	0.000000322467515	0.000000319102545
202.500000000000000	0.000001403682126	0.000000339322016
203.500000000000000	0.000000360404870	0.000000327999094
204.500000000000000	0.000000815653127	0.000000327999094
205.500000000000000	0.000000796684450	0.000000307034866
206.500000000000000	0.000001289870061	0.000000337194585
207.500000000000000	0.000000625966353	0.000000314559928
208.500000000000000	0.000001100183288	0.000000310530632
209.500000000000000	0.000000398342225	0.000000313413986
210.500000000000000	0.000000796684450	0.000000325245065
211.500000000000000	0.000000872559159	0.000000319665833
212.500000000000000	0.000001403682126	0.000000337194585
213.500000000000000	-0.000000056906032	0.000000322467515
214.500000000000000	0.000000474216934	0.000000324691456
215.500000000000000	0.000000265561483	0.000000336125819
216.500000000000000	0.000001157089320	0.000000323581396
217.500000000000000	0.000000625966353	0.000000321349774
218.500000000000000	0.000000569060321	0.000000309369766
219.500000000000000	0.000000322467515	0.000000319102545
220.500000000000000	0.000000606997676	0.000000320789442
221.500000000000000	0.000000853590482	0.000000308787696
222.500000000000000	0.000001062245933	0.000000326349465
223.500000000000000	0.000000834621804	0.000000313987480
224.500000000000000	0.000001005339901	0.000000306448361
225.500000000000000	0.000000094843387	0.000000306448361
226.500000000000000	0.000000341436193	0.000000301118418
227.500000000000000	0.000001138120642	0.000000313987480
228.500000000000000	0.000000284530161	0.000000287048176
229.500000000000000	0.000000284530161	0.000000319102545
230.500000000000000	0.000000056906032	0.000000309950742
231.500000000000000	0.000000303498838	0.000000323024936
232.500000000000000	0.000000701841063	0.000000305271972
233.500000000000000	0.000000132780742	0.000000312263840
234.500000000000000	0.000000265561483	0.000000317406682
235.500000000000000	0.000000588028999	0.000000292019076
236.500000000000000	0.000000455248257	0.000000287674236
237.500000000000000	0.000000891527837	0.000000290784318
238.500000000000000	0.000000398342225	0.000000302905487
239.500000000000000	0.000000113812064	0.000000315131336
240.500000000000000	0.000000948433869	0.000000293861486
241.500000000000000	0.000000151749419	0.000000312839442
242.500000000000000	0.000000663903708	0.000000294473061
243.500000000000000	0.000000550091644	0.000000304091031
244.500000000000000	0.000000398342225	0.000000300520367
245.500000000000000	0.000000815653127	0.000000309950742
246.500000000000000	0.000000493185612	0.000000282626927
247.500000000000000	0.000000455248257	0.000000287674236
248.500000000000000	0.000000436279580	0.000000295692417
249.500000000000000	0.000000853590482	0.000000298116166
250.500000000000000	0.000000663903708	0.000000294473061
251.500000000000000	0.000000398342225	0.000000280710791
252.500000000000000	0.000000455248257	0.000000287674236
253.500000000000000	0.000000663903708	0.000000287048176
254.500000000000000	0.000000872559159	0.000000298719030
255.500000000000000	0.000000360404870	0.000000276838732
256.500000000000000	0.000000322467515	0.000000290784318
257.500000000000000	0.000000227624128	0.000000290164968
258.500000000000000	-0.000000056906032	0.000000274226988
259.500000000000000	0.000000625966353	0.000000280710791
260.500000000000000	0.000000948433869	0.000000278781484
261.500000000000000	0.000000094843387	0.000000288298936
262.500000000000000	0.000000512154289	0.000000294473061
263.500000000000000	0.000000417310902	0.000000291402351
264.500000000000000	0.000000189686774	0.000000272251738
265.500000000000000	0.000000094843387	0.000000290784318
266.500000000000000	0.000000777715772	0.000000280710791
267.500000000000000	0.000000132780742	0.000000271590128
268.500000000000000	0.000000455248257	0.000000274882250
269.500000000000000	0.000000322467515	0.000000281989662
270.500000000000000	0.000000189686774	0.000000265561483
271.500000000000000	0.000000625966353	0.000000276838732
272.500000000000000	0.000000265561483	0.000000261465174
273.500000000000000	0.000000644935031	0.000000273570156
274.500000000000000	-0.000000265561483	0.000000272251738
275.500000000000000	0.000000436279580	0.000000271590128
276.500000000000000	-0.000000094843387	0.000000270262051
277.500000000000000	0.000000208655451	0.000000283262759
278.500000000000000	0.000000417310902	0.000000272251738
279.500000000000000	0.000000644935031	0.000000281350953
280.500000000000000	0.000000018968677	0.000000272911743
281.500000000000000	0.000000398342225	0.000000271590128
282.500000000000000	0.000000113812064	0.000000262837704
283.500000000000000	0.000000436279580	0.000000266238074
284.500000000000000	0.000000075874709	0.000000274882250
285.500000000000000	0.000000341436193	0.000000269595560
286.500000000000000	-0.000000094843387	0.000000264883164
287.500000000000000	-0.000000436279580	0.000000253783607
288.500000000000000	0.000000246592806	0.000000258001906
289.500000000000000	0.000000360404870	0.000000272911743
290.500000000000000	0.000000189686774	0.000000283897167
291.500000000000000	0.000000303498838	0.000000257303659
292.500000000000000	0.000000132780742	0.000000267586124
293.500000000000000	0.000000493185612	0.000000258698269
294.500000000000000	0.000000512154289	0.000000252361839
295.500000000000000	0.000000682872385	0.000000265561483
296.500000000000000	0.000000018968677	0.000000258001906
297.500000000000000	0.000000379373547	0.000000245862159
298.500000000000000	-0.000000075874709	0.000000244394312
299.500000000000000	0.000000132780742	0.000000266238074
300.500000000000000	0.000000113812064	0.000000261465174
301.500000000000000	-0.000000246592806	0.000000262152337
302.500000000000000	0.000000815653127	0.000000246592806
303.500000000000000	0.000000455248257	0.000000261465174
304.500000000000000	0.000000037937355	0.000000247321294
305.500000000000000	0.000000284530161	0.000000266238074
306.500000000000000	-0.000000037937355	0.000000247321294
307.500000000000000	0.000000322467515	0.000000249493997
308.500000000000000	-0.000000113812064	0.000000257303659
309.500000000000000	0.000000303498838	0.000000250214039
310.500000000000000	-0.000000265561483	0.000000239936899
311.500000000000000	0.000000113812064	0.000000233861561
312.500000000000000	0.000000246592806	0.000000245129334
313.500000000000000	0.000000094843387	0.000000222022676
314.500000000000000	0.000000322467515	0.000000239185921
315.500000000000000	0.000000227624128	0.000000255901448
316.500000000000000	0.000000531122966	0.000000261465174
317.500000000000000	-0.000000151749419	0.000000241431847
318.500000000000000	-0.000000037937355	0.000000233861561
319.500000000000000	-0.000000075874709	0.000000229199401
320.500000000000000	0.000000436279580	0.000000226832390
321.500000000000000	0.000000284530161	0.000000229982991
322.500000000000000	0.000000075874709	0.000000241431847
323.500000000000000	0.000000322467515	0.000000243657073
324.500000000000000	0.000000113812064	0.000000244394312
325.500000000000000	-0.000000132780742	0.000000225240564
326.500000000000000	0.000000151749419	0.000000233861561
327.500000000000000	0.000000379373547	0.000000235395096
328.500000000000000	0.000000398342225	0.000000245129334
329.500000000000000	0.000000227624128	0.000000227624128
330.500000000000000	0.000000398342225	0.000000233091010
331.500000000000000	0.000000284530161	0.000000243657073
332.500000000000000	0.000000075874709	0.000000222831505
333.500000000000000	0.000000132780742	0.000000215442760
334.500000000000000	0.000000569060321	0.000000238432577
335.500000000000000	0.000000284530161	0.000000239185921
336.500000000000000	0.000000246592806	0.000000236158129
337.500000000000000	0.000000094843387	0.000000223637408
338.500000000000000	0.000000037937355	0.000000212922875
339.500000000000000	0.000000398342225	0.000000225240564
340.500000000000000	0.000000113812064	0.000000230763920
341.500000000000000	0.000000360404870	0.000000237676846
342.500000000000000	0.000000094843387	0.000000229982991
343.500000000000000	-0.000000208655451	0.000000231542215
344.500000000000000	0.000000398342225	0.000000225240564
345.500000000000000	0.000000151749419	0.000000226037878
346.500000000000000	0.000000474216934	0.000000222022676
347.500000000000000	-0.000000189686774	0.000000226037878
348.500000000000000	0.000000056906032	0.000000222022676
349.500000000000000	0.000000265561483	0.000000212922875
350.500000000000000	0.000000189686774	0.000000219578316
351.500000000000000	0.000000018968677	0.000000231542215
352.500000000000000	0.000000170718096	0.000000218757459
353.500000000000000	-0.000000151749419	0.000000217933511
354.500000000000000	0.000000379373547	0.000000216276198
355.500000000000000	0.000000189686774	0.000000214606086
356.500000000000000	-0.000000170718096	0.000000215442760
357.500000000000000	0.000000341436193	0.000000226037878
358.500000000000000	0.000000151749419	0.000000226037878
359.500000000000000	0.000000531122966	0.000000202530053
360.500000000000000	0.000000189686774	0.000000216276198
361.500000000000000	0.000000094843387	0.000000217106436
362.500000000000000	-0.000000094843387	0.000000213766138
363.500000000000000	0.000000208655451	0.000000198038806
364.500000000000000	0.000000075874709	0.000000212922875
365.500000000000000	0.000000189686774	0.000000212922875
366.500000000000000	0.000000322467515	0.000000212076260
367.500000000000000	0.000000132780742	0.000000210372809
368.500000000000000	-0.000000189686774	0.000000206052579
369.500000000000000	-0.000000455248257	0.000000211226252
370.500000000000000	0.000000208655451	0.000000226832390
371.500000000000000	0.000000208655451	0.000000213766138
372.500000000000000	-0.000000056906032	0.000000208655451
373.500000000000000	0.000000189686774	0.000000217933511
374.500000000000000	0.000000322467515	0.000000223637408
375.500000000000000	0.000000094843387	0.000000220396115
376.500000000000000	0.000000151749419	0.000000216276198
377.500000000000000	-0.000000037937355	0.000000198945167
378.500000000000000	-0.000000227624128	0.000000207791450
379.500000000000000	0.000000531122966	0.000000207791450
380.500000000000000	-0.000000018968677	0.000000210372809
381.500000000000000	0.000000000000000	0.000000200745612
382.500000000000000	0.000000246592806	0.000000205177617
383.500000000000000	-0.000000018968677	0.000000201639806
384.500000000000000	0.000000000000000	0.000000202530053
385.500000000000000	0.000000151749419	0.000000200745612
386.500000000000000	0.000000246592806	0.000000194371103
387.500000000000000	0.000000379373547	0.000000202530053
388.500000000000000	0.000000284530161	0.000000180949649
389.500000000000000	0.000000398342225	0.000000192511050
390.500000000000000	0.000000113812064	0.000000211226252
391.500000000000000	0.000000189686774	0.000000202530053
392.500000000000000	0.000000151749419	0.000000183908150
393.500000000000000	0.000000208655451	0.000000223637408
394.500000000000000	0.000000113812064	0.000000193443312
395.500000000000000	0.000000094843387	0.000000217106436
396.500000000000000	0.000000132780742	0.000000201639806
397.500000000000000	0.000000284530161	0.000000205177617
398.500000000000000	0.000000303498838	0.000000202530053
399.500000000000000	0.000000246592806	0.000000190632848
400.500000000000000	0.000000208655451	0.000000203416403
401.500000000000000	-0.000000056906032	0.000000182927300
402.500000000000000	0.000000379373547	0.000000195294487
403.500000000000000	-0.000000075874709	0.000000197128278
404.500000000000000	-0.000000037937355	0.000000200745612
405.500000000000000	-0.000000132780742	0.000000203416403
406.500000000000000	0.000000265561483	0.000000189686774
407.500000000000000	-0.000000018968677	0.000000199847417
408.500000000000000	0.000000303498838	0.000000197128278
409.500000000000000	-0.000000246592806	0.000000184883797
410.500000000000000	0.000000170718096	0.000000186819806
411.500000000000000	-0.000000018968677	0.000000198038806
412.500000000000000	0.000000113812064	0.000000206052579
413.500000000000000	-0.000000208655451	0.000000180949649
414.500000000000000	0.000000170718096	0.000000188735957
415.500000000000000	0.000000227624128	0.000000204298908
416.500000000000000	-0.000000151749419	0.000000202530053
417.500000000000000	-0.000000094843387	0.000000203416403
418.500000000000000	-0.000000132780742	0.000000194371103
419.500000000000000	0.000000170718096	0.000000208655451
420.500000000000000	0.000000588028999	0.000000210372809
421.500000000000000	0.000000189686774	0.000000191574251
422.500000000000000	-0.000000189686774	0.000000175908277
423.500000000000000	0.000000132780742	0.000000178950144
424.500000000000000	0.000000189686774	0.000000191574251
425.500000000000000	0.000000094843387	0.000000178950144
426.500000000000000	0.000000075874709	0.000000177941967
427.500000000000000	-0.000000075874709	0.000000189686774
428.500000000000000	-0.000000075874709	0.000000185854323
429.500000000000000	0.000000246592806	0.000000203416403
430.500000000000000	0.000000246592806	0.000000186819806
431.500000000000000	-0.000000322467515	0.000000172812875
432.500000000000000	0.000000151749419	0.000000179952674
433.500000000000000	0.000000132780742	0.000000190632848
434.500000000000000	0.000000132780742	0.000000196213524
435.500000000000000	0.000000018968677	0.000000170718096
436.500000000000000	-0.000000208655451	0.000000176928044
437.500000000000000	0.000000151749419	0.000000195294487
438.500000000000000	0.000000322467515	0.000000196213524
439.500000000000000	-0.000000075874709	0.000000189686774
440.500000000000000	0.000000208655451	0.000000182927300
441.500000000000000	0.000000151749419	0.000000169661008
442.500000000000000	-0.000000303498838	0.000000193443312
443.500000000000000	0.000000208655451	0.000000176928044
444.500000000000000	-0.000000094843387	0.000000180949649
445.500000000000000	-0.000000113812064	0.000000179952674
446.500000000000000	-0.000000094843387	0.000000184883797
447.500000000000000	0.000000094843387	0.000000178950144
448.500000000000000	0.000000208655451	0.000000199847417
449.500000000000000	0.000000246592806	0.000000188735957
450.500000000000000	-0.000000018968677	0.000000188735957
451.500000000000000	-0.000000037937355	0.000000200745612
452.500000000000000	0.000000246592806	0.000000194371103
453.500000000000000	-0.000000075874709	0.000000183908150
454.500000000000000	-0.000000075874709	0.000000167526823
455.500000000000000	0.000000037937355	0.000000189686774
456.500000000000000	0.000000075874709	0.000000198945167
457.500000000000000	0.000000056906032	0.000000190632848
458.500000000000000	0.000000246592806	0.000000198038806
459.500000000000000	0.000000018968677	0.000000170718096
460.500000000000000	-0.000000322467515	0.000000170718096
461.500000000000000	0.000000208655451	0.000000198038806
462.500000000000000	-0.000000170718096	0.000000205177617
463.500000000000000	-0.000000094843387	0.000000174882564
464.500000000000000	0.000000000000000	0.000000195294487
465.500000000000000	0.000000436279580	0.000000198038806
466.500000000000000	0.000000170718096	0.000000194371103
467.500000000000000	-0.000000037937355	0.000000200745612
468.500000000000000	0.000000132780742	0.000000199847417
469.500000000000000	-0.000000056906032	0.000000190632848
470.500000000000000	0.000000322467515	0.000000217106436
471.500000000000000	0.000000246592806	0.000000215442760
472.500000000000000	-0.000000037937355	0.000000193443312
473.500000000000000	-0.000000037937355	0.000000198945167
474.500000000000000	0.000000246592806	0.000000196213524
475.500000000000000	0.000000398342225	0.000000210372809
476.500000000000000	0.000000398342225	0.000000188735957
477.500000000000000	-0.000000113812064	0.000000211226252
478.500000000000000	0.000000094843387	0.000000208655451
479.500000000000000	0.000000341436193	0.000000198945167
480.500000000000000	0.000000113812064	0.000000214606086
481.500000000000000	-0.000000018968677	0.000000196213524
482.500000000000000	-0.000000379373547	0.000000207791450
483.500000000000000	0.000000018968677	0.000000213766138
484.500000000000000	0.000000246592806	0.000000203416403
485.500000000000000	0.000000227624128	0.000000202530053
486.500000000000000	0.000000151749419	0.000000198945167
487.500000000000000	-0.000000113812064	0.000000198945167
488.500000000000000	0.000000455248257	0.000000219578316
489.500000000000000	0.000000113812064	0.000000195294487
490.500000000000000	0.000000398342225	0.000000206923841
491.500000000000000	0.000000094843387	0.000000212076260
492.500000000000000	0.000000056906032	0.000000212076260
493.500000000000000	0.000000000000000	0.000000200745612
494.500000000000000	0.000000170718096	0.000000218757459
495.500000000000000	-0.000000189686774	0.000000222831505
496.500000000000000	-0.000000056906032	0.000000212076260
497.500000000000000	0.000000284530161	0.000000208655451
498.500000000000000	0.000000151749419	0.000000226037878
499.500000000000000	-0.000000246592806	0.000000198038806
500.500000000000000	-0.000000170718096	0.000000205177617
501.500000000000000	-0.000000246592806	0.000000220396115
502.500000000000000	0.000000113812064	0.000000207791450
503.500000000000000	0.000000265561483	0.000000206052579
504.500000000000000	0.000000075874709	0.000000204298908
505.500000000000000	0.000000246592806	0.000000217106436
506.500000000000000	0.000000056906032	0.000000220396115
507.500000000000000	0.000000227624128	0.000000227624128
508.500000000000000	0.000000018968677	0.000000206923841
509.500000000000000	-0.000000037937355	0.000000212922875
510.500000000000000	0.000000018968677	0.000000201639806
511.500000000000000	0.000000037937355	0.000000209515890
512.500000000000000	-0.000000303498838	0.000000211226252
513.500000000000000	-0.000000303498838	0.000000198945167
514.500000000000000	0.000000360404870	0.000000218757459
515.500000000000000	-0.000000151749419	0.000000226037878
516.500000000000000	-0.000000341436193	0.000000195294487
517.500000000000000	0.000000000000000	0.000000200745612
518.500000000000000	0.000000113812064	0.000000211226252
519.500000000000000	0.000000227624128	0.000000197128278
520.500000000000000	0.000000132780742	0.000000223637408
521.500000000000000	-0.000000113812064	0.000000229199401
522.500000000000000	-0.000000170718096	0.000000212076260
523.500000000000000	0.000000037937355	0.000000209515890
524.500000000000000	0.000000037937355	0.000000202530053
525.500000000000000	-0.000000056906032	0.000000212076260
526.500000000000000	-0.000000189686774	0.000000193443312
527.500000000000000	-0.000000075874709	0.000000193443312
528.500000000000000	0.000000151749419	0.000000211226252
529.500000000000000	0.000000341436193	0.000000191574251
530.500000000000000	-0.000000018968677	0.000000184883797
531.500000000000000	0.000000056906032	0.000000203416403
532.500000000000000	0.000000151749419	0.000000211226252
533.500000000000000	-0.000000018968677	0.000000180949649
534.500000000000000	0.000000037937355	0.000000197128278
535.500000000000000	-0.000000208655451	0.000000198038806
536.500000000000000	-0.000000075874709	0.000000181941162
537.500000000000000	0.000000132780742	0.000000178950144
538.500000000000000	0.000000132780742	0.000000178950144
539.500000000000000	0.000000056906032	0.000000190632848
540.500000000000000	0.000000132780742	0.000000180949649
541.500000000000000	-0.000000474216934	0.000000190632848
542.500000000000000	-0.000000360404870	0.000000170718096
543.500000000000000	0.000000113812064	0.000000198945167
544.500000000000000	0.000000246592806	0.000000184883797
545.500000000000000	0.000000000000000	0.000000187780326
546.500000000000000	-0.000000056906032	0.000000184883797
547.500000000000000	0.000000056906032	0.000000178950144
548.500000000000000	-0.000000113812064	0.000000163174733
549.500000000000000	0.000000189686774	0.000000158703341
550.500000000000000	-0.000000075874709	0.000000191574251
551.500000000000000	-0.000000170718096	0.000000180949649
552.500000000000000	0.000000303498838	0.000000183908150
553.500000000000000	-0.000000018968677	0.000000168597292
554.500000000000000	0.000000018968677	0.000000178950144
555.500000000000000	0.000000151749419	0.000000158703341
556.500000000000000	0.000000000000000	0.000000177941967
557.500000000000000	0.000000436279580	0.000000166449468
558.500000000000000	-0.000000151749419	0.000000179952674
559.500000000000000	-0.000000113812064	0.000000158703341
560.500000000000000	-0.000000075874709	0.000000144461143
561.500000000000000	-0.000000189686774	0.000000171768679
562.500000000000000	0.000000227624128	0.000000146930743
563.500000000000000	-0.000000037937355	0.000000171768679
564.500000000000000	0.000000265561483	0.000000163174733
565.500000000000000	-0.000000189686774	0.000000160954565
566.500000000000000	-0.000000037937355	0.000000156419721
567.500000000000000	-0.000000151749419	0.000000156419721
568.500000000000000	0.000000322467515	0.000000159832917
569.500000000000000	0.000000018968677	0.000000170718096
570.500000000000000	0.000000056906032	0.000000174882564
571.500000000000000	-0.000000246592806	0.000000164273565
572.500000000000000	0.000000075874709	0.000000144461143
573.500000000000000	0.000000113812064	0.000000160954565
574.500000000000000	-0.000000075874709	0.000000154102263
575.500000000000000	-0.000000170718096	0.000000172812875
576.500000000000000	-0.000000132780742	0.000000157565668
577.500000000000000	-0.000000056906032	0.000000152930366
578.500000000000000	-0.000000056906032	0.000000148150106
579.500000000000000	0.000000037937355	0.000000169661008
580.500000000000000	-0.000000056906032	0.000000140675476
581.500000000000000	-0.000000037937355	0.000000134128804
582.500000000000000	0.000000000000000	0.000000144461143
583.500000000000000	-0.000000037937355	0.000000156419721
584.500000000000000	-0.000000189686774	0.000000128651829
585.500000000000000	-0.000000189686774	0.000000167526823
586.500000000000000	-0.000000246592806	0.000000148150106
587.500000000000000	0.000000037937355	0.000000146930743
588.500000000000000	0.000000113812064	0.000000146930743
589.500000000000000	0.000000189686774	0.000000131418852
590.500000000000000	0.000000075874709	0.000000139390742
591.500000000000000	0.000000189686774	0.000000163174733
592.500000000000000	0.000000056906032	0.000000145701176
593.500000000000000	0.000000000000000	0.000000154102263
594.500000000000000	0.000000000000000	0.000000144461143
595.500000000000000	-0.000000113812064	0.000000146930743
596.500000000000000	0.000000075874709	0.000000139390742
597.500000000000000	0.000000018968677	0.000000145701176
598.500000000000000	0.000000018968677	0.000000140675476
599.500000000000000	0.000000170718096	0.000000157565668
600.500000000000000	0.000000208655451	0.000000132780742
601.500000000000000	-0.000000056906032	0.000000157565668
602.500000000000000	0.000000000000000	0.000000173850800
603.500000000000000	-0.000000208655451	0.000000140675476
604.500000000000000	0.000000018968677	0.000000132780742
605.500000000000000	0.000000075874709	0.000000141948584
606.500000000000000	0.000000132780742	0.000000140675476
607.500000000000000	-0.000000075874709	0.000000131418852
608.500000000000000	-0.000000094843387	0.000000127245756
609.500000000000000	-0.000000056906032	0.000000145701176
610.500000000000000	0.000000189686774	0.000000151749419
611.500000000000000	-0.000000189686774	0.000000125823971
612.500000000000000	-0.000000056906032	0.000000118459352
613.500000000000000	-0.000000246592806	0.000000130042700
614.500000000000000	-0.000000018968677	0.000000127245756
615.500000000000000	0.000000265561483	0.000000149359515
616.500000000000000	-0.000000170718096	0.000000148150106
617.500000000000000	0.000000037937355	0.000000141948584
618.500000000000000	0.000000170718096	0.000000130042700
619.500000000000000	0.000000018968677	0.000000132780742
620.500000000000000	-0.000000113812064	0.000000141948584
621.500000000000000	0.000000265561483	0.000000136785078
622.500000000000000	0.000000151749419	0.000000122931079
623.500000000000000	0.000000018968677	0.000000150559209
624.500000000000000	0.000000000000000	0.000000131418852
625.500000000000000	-0.000000284530161	0.000000145701176
626.500000000000000	0.000000018968677	0.000000140675476
627.500000000000000	0.000000056906032	0.000000124385936
628.500000000000000	0.000000246592806	0.000000152930366
629.500000000000000	-0.000000037937355	0.000000134128804
630.500000000000000	-0.000000018968677	0.000000143210374
631.500000000000000	-0.000000360404870	0.000000138094056
632.500000000000000	-0.000000132780742	0.000000105613126
633.500000000000000	0.000000000000000	0.000000128651829
634.500000000000000	0.000000094843387	0.000000121458798
635.500000000000000	0.000000113812064	0.000000122931079
636.500000000000000	0.000000246592806	0.000000124385936
637.500000000000000	-0.000000075874709	0.000000122931079
638.500000000000000	0.000000303498838	0.000000116930780
639.500000000000000	0.000000018968677	0.000000112220209
640.500000000000000	-0.000000056906032	0.000000121458798
641.500000000000000	0.000000170718096	0.000000121458798
642.500000000000000	0.000000132780742	0.000000108966755
643.500000000000000	0.000000094843387	0.000000121458798
644.500000000000000	0.000000056906032	0.000000124385936
645.500000000000000	0.000000246592806	0.000000127245756
646.500000000000000	0.000000037937355	0.000000107303043
647.500000000000000	0.000000094843387	0.000000135463452
648.500000000000000	-0.000000075874709	0.000000139390742
649.500000000000000	0.000000208655451	0.000000124385936
650.500000000000000	0.000000018968677	0.000000130042700
651.500000000000000	-0.000000284530161	0.000000118459352
652.500000000000000	0.000000113812064	0.000000128651829
653.500000000000000	0.000000265561483	0.000000116930780
654.500000000000000	-0.000000094843387	0.000000124385936
655.500000000000000	0.000000189686774	0.000000116930780
656.500000000000000	0.000000113812064	0.000000139390742
657.500000000000000	-0.000000113812064	0.000000131418852
658.500000000000000	-0.000000018968677	0.000000115381960
659.500000000000000	-0.000000113812064	0.000000131418852
660.500000000000000	-0.000000056906032	0.000000130042700
661.500000000000000	0.000000056906032	0.000000118459352
662.500000000000000	0.000000056906032	0.000000132780742
663.500000000000000	-0.000000113812064	0.000000107303043
664.500000000000000	0.000000056906032	0.000000127245756
665.500000000000000	0.000000132780742	0.000000115381960
666.500000000000000	0.000000113812064	0.000000107303043
667.500000000000000	0.000000000000000	0.000000136785078
668.500000000000000	0.000000113812064	0.000000122931079
669.500000000000000	-0.000000189686774	0.000000119968449
670.500000000000000	0.000000000000000	0.000000125823971
671.500000000000000	-0.000000284530161	0.000000118459352
672.500000000000000	-0.000000075874709	0.000000113812064
673.500000000000000	0.000000208655451	0.000000132780742
674.500000000000000	0.000000037937355	0.000000122931079
675.500000000000000	-0.000000018968677	0.000000127245756
676.500000000000000	0.000000132780742	0.000000102149454
677.500000000000000	0.000000113812064	0.000000131418852
678.500000000000000	-0.000000056906032	0.000000115381960
679.500000000000000	0.000000037937355	0.000000107303043
680.500000000000000	-0.000000113812064	0.000000116930780
681.500000000000000	0.000000132780742	0.000000118459352
682.500000000000000	0.000000170718096	0.000000115381960
683.500000000000000	0.000000037937355	0.000000116930780
684.500000000000000	-0.000000094843387	0.000000098564139
685.500000000000000	-0.000000227624128	0.000000131418852
686.500000000000000	-0.000000113812064	0.000000122931079
687.500000000000000	-0.000000018968677	0.000000105613126
688.500000000000000	0.000000208655451	0.000000132780742
689.500000000000000	0.000000037937355	0.000000103895725
690.500000000000000	-0.000000132780742	0.000000132780742
691.500000000000000	-0.000000037937355	0.000000113812064
692.500000000000000	0.000000170718096	0.000000130042700
693.500000000000000	-0.000000056906032	0.000000127245756
694.500000000000000	0.000000094843387	0.000000132780742
695.500000000000000	0.000000208655451	0.000000115381960
696.500000000000000	-0.000000018968677	0.000000121458798
697.500000000000000	-0.000000094843387	0.000000121458798
698.500000000000000	0.000000113812064	0.000000103895725
699.500000000000000	-0.000000113812064	0.000000103895725
700.500000000000000	-0.000000037937355	0.000000110605445
701.500000000000000	0.000000000000000	0.000000122931079
702.500000000000000	0.000000018968677	0.000000102149454
703.500000000000000	-0.000000151749419	0.000000113812064
704.500000000000000	0.000000208655451	0.000000112220209
705.500000000000000	-0.000000018968677	0.000000130042700
706.500000000000000	0.000000170718096	0.000000124385936
707.500000000000000	0.000000265561483	0.000000116930780
708.500000000000000	0.000000094843387	0.000000108966755
709.500000000000000	-0.000000056906032	0.000000108966755
710.500000000000000	-0.000000189686774	0.000000136785078
711.500000000000000	0.000000075874709	0.000000144461143
712.500000000000000	0.000000322467515	0.000000108966755
713.500000000000000	0.000000000000000	0.000000119968449
714.500000000000000	0.000000000000000	0.000000116930780
715.500000000000000	-0.000000056906032	0.000000118459352
716.500000000000000	-0.000000075874709	0.000000110605445
717.500000000000000	0.000000018968677	0.000000112220209
718.500000000000000	0.000000000000000	0.000000113812064
719.500000000000000	0.000000151749419	0.000000107303043
720.500000000000000	0.000000037937355	0.000000107303043
721.500000000000000	0.000000170718096	0.000000108966755
722.500000000000000	0.000000000000000	0.000000110605445
723.500000000000000	0.000000075874709	0.000000110605445
724.500000000000000	0.000000037937355	0.000000110605445
725.500000000000000	-0.000000018968677	0.000000108966755
726.500000000000000	-0.000000246592806	0.000000112220209
727.500000000000000	-0.000000037937355	0.000000113812064
728.500000000000000	0.000000018968677	0.000000102149454
729.500000000000000	-0.000000056906032	0.000000105613126
730.500000000000000	0.000000075874709	0.000000100372806
731.500000000000000	0.000000075874709	0.000000107303043
732.500000000000000	0.000000075874709	0.000000107303043
733.500000000000000	-0.000000094843387	0.000000115381960
734.500000000000000	0.000000132780742	0.000000098564139
735.500000000000000	0.000000151749419	0.000000100372806
736.500000000000000	0.000000037937355	0.000000107303043
737.500000000000000	-0.000000037937355	0.000000103895725
738.500000000000000	-0.000000094843387	0.000000124385936
739.500000000000000	0.000000151749419	0.000000110605445
740.500000000000000	0.000000018968677	0.000000098564139
741.500000000000000	-0.000000056906032	0.000000115381960
742.500000000000000	-0.000000018968677	0.000000115381960
743.500000000000000	-0.000000151749419	0.000000110605445
744.500000000000000	-0.000000151749419	0.000000107303043
745.500000000000000	-0.000000018968677	0.000000090970581
746.500000000000000	-0.000000018968677	0.000000118459352
747.500000000000000	0.000000000000000	0.000000100372806
748.500000000000000	-0.000000170718096	0.000000118459352
749.500000000000000	0.000000113812064	0.000000084830504
750.500000000000000	0.000000037937355	0.000000096721656
751.500000000000000	0.000000037937355	0.000000100372806
752.500000000000000	-0.000000151749419	0.000000084830504
753.500000000000000	0.000000094843387	0.000000098564139
754.500000000000000	0.000000018968677	0.000000105613126
755.500000000000000	0.000000075874709	0.000000107303043
756.500000000000000	0.000000075874709	0.000000107303043
757.500000000000000	-0.000000018968677	0.000000105613126
758.500000000000000	-0.000000113812064	0.000000096721656
759.500000000000000	0.000000037937355	0.000000100372806
760.500000000000000	0.000000075874709	0.000000100372806
761.500000000000000	-0.000000170718096	0.000000108966755
762.500000000000000	0.000000000000000	0.000000088970983
763.500000000000000	0.000000000000000	0.000000103895725
764.500000000000000	0.000000037937355	0.000000107303043
765.500000000000000	-0.000000094843387	0.000000108966755
766.500000000000000	0.000000037937355	0.000000113812064
767.500000000000000	0.000000094843387	0.000000094843387
768.500000000000000	0.000000000000000	0.000000096721656
769.500000000000000	0.000000075874709	0.000000103895725
770.500000000000000	0.000000094843387	0.000000115381960
771.500000000000000	-0.000000037937355	0.000000110605445
772.500000000000000	0.000000094843387	0.000000102149454
773.500000000000000	0.000000018968677	0.000000108966755
774.500000000000000	0.000000151749419	0.000000122931079
775.500000000000000	-0.000000037937355	0.000000103895725
776.500000000000000	-0.000000094843387	0.000000102149454
777.500000000000000	-0.000000037937355	0.000000116930780
778.500000000000000	0.000000094843387	0.000000105613126
779.500000000000000	0.000000246592806	0.000000098564139
780.500000000000000	0.000000000000000	0.000000103895725
781.500000000000000	-0.000000151749419	0.000000113812064
782.500000000000000	-0.000000075874709	0.000000107303043
783.500000000000000	-0.000000170718096	0.000000127245756
784.500000000000000	0.000000170718096	0.000000098564139
785.500000000000000	-0.000000113812064	0.000000103895725
786.500000000000000	-0.000000094843387	0.000000112220209
787.500000000000000	-0.000000132780742	0.000000098564139
788.500000000000000	-0.000000018968677	0.000000073465372
789.500000000000000	0.000000056906032	0.000000094843387
790.500000000000000	-0.000000151749419	0.000000110605445
791.500000000000000	-0.000000037937355	0.000000092927161
792.500000000000000	-0.000000075874709	0.000000084830504
793.500000000000000	-0.000000056906032	0.000000102149454
794.500000000000000	0.000000037937355	0.000000100372806
795.500000000000000	0.000000075874709	0.000000107303043
796.500000000000000	0.000000000000000	0.000000100372806
797.500000000000000	0.000000170718096	0.000000108966755
798.500000000000000	0.000000170718096	0.000000118459352
799.500000000000000	-0.000000227624128	0.000000096721656