#Bin Center	Bin Content	Bin Error
0.000000000000000	0.000000000000000	0.000000000000000
0.000000040000000	0.000000000000000	0.000000000000000
0.000000080000000	0.000000000000000	0.000000000000000
0.000000120000000	0.000000000000000	0.000000000000000
0.000000160000000	0.000000000000000	0.000000000000000
0.000000200000000	0.000000000000000	0.000000000000000
0.000000240000000	0.000000000000000	0.000000000000000
0.000000280000000	0.000000000000000	0.000000000000000
0.000000320000000	0.000000000000000	0.000000000000000
0.000000360000000	0.000000000000000	0.000000000000000
0.000000400000000	0.000000000000000	0.000000000000000
0.000000440000000	0.000000000000000	0.000000000000000
0.000000480000000	0.000000000000000	0.000000000000000
0.000000520000000	0.000000000000000	0.000000000000000
0.000000560000000	0.000000000000000	0.000000000000000
0.000000600000000	0.000000000000000	0.000000000000000
0.000000640000000	0.000000000000000	0.000000000000000
0.000000680000000	0.000000000000000	0.000000000000000
0.000000720000000	0.000000000000000	0.000000000000000
0.000000760000000	0.000000000000000	0.000000000000000
0.000000800000000	0.000000000000000	0.000000000000000
0.000000840000000	0.000000000000000	0.000000000000000
0.000000880000000	0.000000000000000	0.000000000000000
0.000000920000000	0.000000000000000	0.000000000000000
0.000000960000000	0.000000000000000	0.000000000000000
0.000001000000000	0.000000000000000	0.000000000000000
0.000001040000000	0.000000000000000	0.000000000000000
0.000001080000000	0.000000000000000	0.000000000000000
0.000001120000000	0.000000000000000	0.000000000000000
0.000001160000000	0.000000000000000	0.000000000000000
0.000001200000000	0.000000000000000	0.000000000000000
0.000001240000000	0.000000000000000	0.000000000000000
0.000001280000000	0.000000000000000	0.000000000000000
0.000001320000000	0.000000000000000	0.000000000000000
0.000001360000000	0.000000000000000	0.000000000000000
0.000001400000000	0.000000000000000	0.000000000000000
0.000001440000000	0.000000000000000	0.000000000000000
0.000001480000000	0.000000000000000	0.000000000000000
0.000001520000000	0.000000000000000	0.000000000000000
0.000001560000000	0.000000000000000	0.000000000000000
0.000001600000000	0.000000000000000	0.000000000000000
0.000001640000000	0.000000000000000	0.000000000000000
0.000001680000000	0.000000000000000	0.000000000000000
0.000001720000000	0.000000000000000	0.000000000000000
0.000001760000000	0.000000000000000	0.000000000000000
0.000001800000000	0.000000000000000	0.000000000000000
0.000001840000000	0.000000000000000	0.000000000000000
0.000001880000000	0.000000000000000	0.000000000000000
0.000001920000000	0.000000000000000	0.000000000000000
0.000001960000000	0.000000000000000	0.000000000000000
0.000002000000000	0.000000000000000	0.000000000000000
0.000002040000000	0.000007128507197	0.000000045127853
0.000002080000000	0.000007366517856	0.000000045880773
0.000002120000000	0.000007752436930	0.000000047056295
0.000002160000000	0.000008094539756	0.000000048062806
0.000002200000000	0.000008435609404	0.000000049057503
0.000002240000000	0.000008725227658	0.000000049920657
0.000002280000000	0.000009011651287	0.000000050713558
0.000002320000000	0.000009303063173	0.000000051519586
0.000002360000000	0.000009516595112	0.000000052102162
0.000002400000000	0.000009578580806	0.000000052249923
0.000002440000000	0.000009790455959	0.000000052847693
0.000002480000000	0.000009834792610	0.000000052945552
0.000002520000000	0.000009914338292	0.000000053177062
0.000002560000000	0.000009930572058	0.000000053222652
0.000002600000000	0.000010049569827	0.000000053528575
0.000002640000000	0.000010086200793	0.000000053635196
0.000002680000000	0.000010021555513	0.000000053450404
0.000002720000000	0.000009933900751	0.000000053206617
0.000002760000000	0.000009946671889	0.000000053204713
0.000002800000000	0.000009924770355	0.000000053179263
0.000002840000000	0.000009793649262	0.000000052802264
0.000002880000000	0.000009720506629	0.000000052607586
0.000002920000000	0.000009712845957	0.000000052586761
0.000002960000000	0.000009535908084	0.000000052086632
0.000003000000000	0.000009458792339	0.000000051895536
0.000003040000000	0.000009430619886	0.000000051806698
0.000003080000000	0.000009279132806	0.000000051394292
0.000003120000000	0.000009217755114	0.000000051209175
0.000003160000000	0.000009045143532	0.000000050739408
0.000003200000000	0.000008857534514	0.000000050184301
0.000003240000000	0.000008850719473	0.000000050197658
0.000003280000000	0.000008736028641	0.000000049852706
0.000003320000000	0.000008563602665	0.000000049375004
0.000003360000000	0.000008443803309	0.000000048998801
0.000003400000000	0.000008373698130	0.000000048812983
0.000003440000000	0.000008168001094	0.000000048230103
0.000003480000000	0.000008019875861	0.000000047759349
0.000003520000000	0.000007990767751	0.000000047694221
0.000003560000000	0.000007861603147	0.000000047270362
0.000003600000000	0.000007761020079	0.000000046961618
0.000003640000000	0.000007652299009	0.000000046678614
0.000003680000000	0.000007498878190	0.000000046199414
0.000003720000000	0.000007414059671	0.000000045915734
0.000003760000000	0.000007294614949	0.000000045526780
0.000003800000000	0.000007168343811	0.000000045161745
0.000003840000000	0.000007072405739	0.000000044839003
0.000003880000000	0.000006954987074	0.000000044479021
0.000003920000000	0.000006799297719	0.000000043995216
0.000003960000000	0.000006764071626	0.000000043852545
0.000004000000000	0.000006631649353	0.000000043411340
0.000004040000000	0.000006504614013	0.000000043003200
0.000004080000000	0.000006442994327	0.000000042827283
0.000004120000000	0.000006357979799	0.000000042499777
0.000004160000000	0.000006204972778	0.000000042018486
0.000004200000000	0.000006112689598	0.000000041701859
0.000004240000000	0.000006039394027	0.000000041452813
0.000004280000000	0.000005946450337	0.000000041109719
0.000004320000000	0.000005888023469	0.000000040881935
0.000004360000000	0.000005701248707	0.000000040248755
0.000004400000000	0.000005634504405	0.000000040020058
0.000004440000000	0.000005547805623	0.000000039704860
0.000004480000000	0.000005490273632	0.000000039511687
0.000004520000000	0.000005296231673	0.000000038827479
0.000004560000000	0.000005305127704	0.000000038844920
0.000004600000000	0.000005263912362	0.000000038680436
0.000004640000000	0.000005143893275	0.000000038236651
0.000004680000000	0.000005022459397	0.000000037768624
0.000004720000000	0.000005017508526	0.000000037763017
0.000004760000000	0.000004916472333	0.000000037360751
0.000004800000000	0.000004838351363	0.000000037084234
0.000004840000000	0.000004611514704	0.000000036195825
0.000004880000000	0.000004706044156	0.000000036550839
0.000004920000000	0.000004570779467	0.000000036046849
0.000004960000000	0.000004517095116	0.000000035817242
0.000005000000000	0.000004483293735	0.000000035697683
0.000005040000000	0.000004391328289	0.000000035296594
0.000005080000000	0.000004311131046	0.000000034992179
0.000005120000000	0.000004266483318	0.000000034829030
0.000005160000000	0.000004181521781	0.000000034486040
0.000005200000000	0.000004079403166	0.000000034060119
0.000005240000000	0.000004051502948	0.000000033961718
0.000005280000000	0.000003958734459	0.000000033529678
0.000005320000000	0.000003954806361	0.000000033490683
0.000005360000000	0.000003887170445	0.000000033248240
0.000005400000000	0.000003746443082	0.000000032614372
0.000005440000000	0.000003704303458	0.000000032447190
0.000005480000000	0.000003671486008	0.000000032304192
0.000005520000000	0.000003626724669	0.000000032082363
0.000005560000000	0.000003600173907	0.000000031990901
0.000005600000000	0.000003522944065	0.000000031652456
0.000005640000000	0.000003480007085	0.000000031460390
0.000005680000000	0.000003410558670	0.000000031129905
0.000005720000000	0.000003306330629	0.000000030659158
0.000005760000000	0.000003265071244	0.000000030463938
0.000005800000000	0.000003269153735	0.000000030449738
0.000005840000000	0.000003207409064	0.000000030171469
0.000005880000000	0.000003127949527	0.000000029816100
0.000005920000000	0.000003094859356	0.000000029638549
0.000005960000000	0.000003056648800	0.000000029457347
0.000006000000000	0.000003024027846	0.000000029309853
0.000006040000000	0.000002959556797	0.000000028998125
0.000006080000000	0.000002935448802	0.000000028895336
0.000006120000000	0.000002921876563	0.000000028802256
0.000006160000000	0.000002845269845	0.000000028419404
0.000006200000000	0.000002770591180	0.000000028076008
0.000006240000000	0.000002693991121	0.000000027628780
0.000006280000000	0.000002692301666	0.000000027667741
0.000006320000000	0.000002618788306	0.000000027253974
0.000006360000000	0.000002554175209	0.000000026916820
0.000006400000000	0.000002563316010	0.000000026995340
0.000006440000000	0.000002549279271	0.000000026895598
0.000006480000000	0.000002511942297	0.000000026732283
0.000006520000000	0.000002463782695	0.000000026425896
0.000006560000000	0.000002455253159	0.000000026383158
0.000006600000000	0.000002361837826	0.000000025922333
0.000006640000000	0.000002327611272	0.000000025704269
0.000006680000000	0.000002348292568	0.000000025835245
0.000006720000000	0.000002277587499	0.000000025420207
0.000006760000000	0.000002186331323	0.000000024911745
0.000006800000000	0.000002213815315	0.000000025091249
0.000006840000000	0.000002176288018	0.000000024868412
0.000006880000000	0.000002170791220	0.000000024832293
0.000006920000000	0.000002166370671	0.000000024811412
0.000006960000000	0.000002167392473	0.000000024816545
0.000007000000000	0.000002037641645	0.000000024070423
0.000007040000000	0.000002023577439	0.000000023966003
0.000007080000000	0.000002001447712	0.000000023839533
0.000007120000000	0.000002003513095	0.000000023854440
0.000007160000000	0.000001967668595	0.000000023637944
0.000007200000000	0.000001974023369	0.000000023675156
0.000007240000000	0.000001885330228	0.000000023123943
0.000007280000000	0.000001873412834	0.000000023060327
0.000007320000000	0.000001797729914	0.000000022565882
0.000007360000000	0.000001849627776	0.000000022902457
0.000007400000000	0.000001785172819	0.000000022519072
0.000007440000000	0.000001791915866	0.000000022542593
0.000007480000000	0.000001729532464	0.000000022128770
0.000007520000000	0.000001740820561	0.000000022243454
0.000007560000000	0.000001729297128	0.000000022148852
0.000007600000000	0.000001682097738	0.000000021869231
0.000007640000000	0.000001650324355	0.000000021638805
0.000007680000000	0.000001590437682	0.000000021245881
0.000007720000000	0.000001580968257	0.000000021190102
0.000007760000000	0.000001594934942	0.000000021258108
0.000007800000000	0.000001599218646	0.000000021295952
0.000007840000000	0.000001572132846	0.000000021127860
0.000007880000000	0.000001563892607	0.000000021094228
0.000007920000000	0.000001449775170	0.000000020284630
0.000007960000000	0.000001511317174	0.000000020725027
0.000008000000000	0.000001472363710	0.000000020446946
0.000008040000000	0.000001464173202	0.000000020378361
0.000008080000000	0.000001409444784	0.000000019988574
0.000008120000000	0.000001400636354	0.000000019944228
0.000008160000000	0.000001403592380	0.000000019968750
0.000008200000000	0.000001354617876	0.000000019599080
0.000008240000000	0.000001359688531	0.000000019638125
0.000008280000000	0.000001320237899	0.000000019336490
0.000008320000000	0.000001335744848	0.000000019462068
0.000008360000000	0.000001290911514	0.000000019154375
0.000008400000000	0.000001278880024	0.000000019033727
0.000008440000000	0.000001251619022	0.000000018867538
0.000008480000000	0.000001281169368	0.000000019058491
0.000008520000000	0.000001226976474	0.000000018642427
0.000008560000000	0.000001213179303	0.000000018557527
0.000008600000000	0.000001208207138	0.000000018507685
0.000008640000000	0.000001178728301	0.000000018278782
0.000008680000000	0.000001154658662	0.000000018108137
0.000008720000000	0.000001191301003	0.000000018390457
0.000008760000000	0.000001155904426	0.000000018121580
0.000008800000000	0.000001125097912	0.000000017870071
0.000008840000000	0.000001117000207	0.000000017798450
0.000008880000000	0.000001079423665	0.000000017487414
0.000008920000000	0.000001102634844	0.000000017699597
0.000008960000000	0.000001079341752	0.000000017483279
0.000009000000000	0.000001047753489	0.000000017243919
0.000009040000000	0.000001085002377	0.000000017542788
0.000009080000000	0.000001037153367	0.000000017138357
0.000009120000000	0.000001015886817	0.000000016979525
0.000009160000000	0.000001031896622	0.000000017114986
0.000009200000000	0.000001001335848	0.000000016861329
0.000009240000000	0.000000956366154	0.000000016485567
0.000009280000000	0.000000984604914	0.000000016707682
0.000009320000000	0.000000977916800	0.000000016654378
0.000009360000000	0.000000926029827	0.000000016191529
0.000009400000000	0.000000916833608	0.000000016120583
0.000009440000000	0.000000941175969	0.000000016351739
0.000009480000000	0.000000933941441	0.000000016292690
0.000009520000000	0.000000899381060	0.000000015981189
0.000009560000000	0.000000891829768	0.000000015905756
0.000009600000000	0.000000889059347	0.000000015890409
0.000009640000000	0.000000897173629	0.000000015956182
0.000009680000000	0.000000836210707	0.000000015394505
0.000009720000000	0.000000856651950	0.000000015580327
0.000009760000000	0.000000850368200	0.000000015525136
0.000009800000000	0.000000811780746	0.000000015162478
0.000009840000000	0.000000825801393	0.000000015313837
0.000009880000000	0.000000798759636	0.000000015052020
0.000009920000000	0.000000811141530	0.000000015149457
0.000009960000000	0.000000806157991	0.000000015125481
0.000010000000000	0.000000801431567	0.000000015078682
0.000010040000000	0.000000779170681	0.000000014877289
0.000010080000000	0.000000760630994	0.000000014696926
0.000010120000000	0.000000742452114	0.000000014502553
0.000010160000000	0.000000740550073	0.000000014530128
0.000010200000000	0.000000745752371	0.000000014540333
0.000010240000000	0.000000726802632	0.000000014373112
0.000010280000000	0.000000705115625	0.000000014154275
0.000010320000000	0.000000715809035	0.000000014247669
0.000010360000000	0.000000691149425	0.000000014008371
0.000010400000000	0.000000688652210	0.000000013993610
0.000010440000000	0.000000683985921	0.000000013940971
0.000010480000000	0.000000689165955	0.000000013988142
0.000010520000000	0.000000684898343	0.000000013957794
0.000010560000000	0.000000671194460	0.000000013808868
0.000010600000000	0.000000650660414	0.000000013589835
0.000010640000000	0.000000655507107	0.000000013637570
0.000010680000000	0.000000653944579	0.000000013602153
0.000010720000000	0.000000636705103	0.000000013441553
0.000010760000000	0.000000625241319	0.000000013328209
0.000010800000000	0.000000609783615	0.000000013138159
0.000010840000000	0.000000592894056	0.000000012954757
0.000010880000000	0.000000611679484	0.000000013175496
0.000010920000000	0.000000606974839	0.000000013129421
0.000010960000000	0.000000608111222	0.000000013156115
0.000011000000000	0.000000591325841	0.000000012939155
0.000011040000000	0.000000578457669	0.000000012816895
0.000011080000000	0.000000567332914	0.000000012676576
0.000011120000000	0.000000564147238	0.000000012650900
0.000011160000000	0.000000554393717	0.000000012550011
0.000011200000000	0.000000556677860	0.000000012561232
0.000011240000000	0.000000529838285	0.000000012241937
0.000011280000000	0.000000555546678	0.000000012559635
0.000011320000000	0.000000543749553	0.000000012437545
0.000011360000000	0.000000541924708	0.000000012399754
0.000011400000000	0.000000516145291	0.000000012076035
0.000011440000000	0.000000529723218	0.000000012273565
0.000011480000000	0.000000512101641	0.000000012050513
0.000011520000000	0.000000530619549	0.000000012261624
0.000011560000000	0.000000503233561	0.000000011928060
0.000011600000000	0.000000487600656	0.000000011750785
0.000011640000000	0.000000492053873	0.000000011807618
0.000011680000000	0.000000490769754	0.000000011797934
0.000011720000000	0.000000479759580	0.000000011664517
0.000011760000000	0.000000469978593	0.000000011570553
0.000011800000000	0.000000465673111	0.000000011491986
0.000011840000000	0.000000462804200	0.000000011484475
0.000011880000000	0.000000459569765	0.000000011409568
0.000011920000000	0.000000462410724	0.000000011486181
0.000011960000000	0.000000456334844	0.000000011387959
0.000012000000000	0.000000457455137	0.000000011385296
0.000012040000000	0.000000464274410	0.000000011462558
0.000012080000000	0.000000436276187	0.000000011126088
0.000012120000000	0.000000427003743	0.000000010990542
0.000012160000000	0.000000431544076	0.000000011087699
0.000012200000000	0.000000421282498	0.000000010953851
0.000012240000000	0.000000417233645	0.000000010895390
0.000012280000000	0.000000428495247	0.000000011032358
0.000012320000000	0.000000416867636	0.000000010880694
0.000012360000000	0.000000406578591	0.000000010760971
0.000012400000000	0.000000409496747	0.000000010761664
0.000012440000000	0.000000403688387	0.000000010686537
0.000012480000000	0.000000387295996	0.000000010474902
0.000012520000000	0.000000389563562	0.000000010510249
0.000012560000000	0.000000393437698	0.000000010552375
0.000012600000000	0.000000388978793	0.000000010515441
0.000012640000000	0.000000386678559	0.000000010465679
0.000012680000000	0.000000390262912	0.000000010526304
0.000012720000000	0.000000393366674	0.000000010550297
0.000012760000000	0.000000369860024	0.000000010236640
0.000012800000000	0.000000374717607	0.000000010304818
0.000012840000000	0.000000363406761	0.000000010165804
0.000012880000000	0.000000356380103	0.000000010044201
0.000012920000000	0.000000356347434	0.000000010029140
0.000012960000000	0.000000352516856	0.000000010004971
0.000013000000000	0.000000344145944	0.000000009872698
0.000013040000000	0.000000331458176	0.000000009703117
0.000013080000000	0.000000344195189	0.000000009864709
0.000013120000000	0.000000329644220	0.000000009659845
0.000013160000000	0.000000346091058	0.000000009914382
0.000013200000000	0.000000338047800	0.000000009810412
0.000013240000000	0.000000344216968	0.000000009874919
0.000013280000000	0.000000324070710	0.000000009593455
0.000013320000000	0.000000331818983	0.000000009685504
0.000013360000000	0.000000322917750	0.000000009580852
0.000013400000000	0.000000320841477	0.000000009538396
0.000013440000000	0.000000314033094	0.000000009450740
0.000013480000000	0.000000314940314	0.000000009440565
0.000013520000000	0.000000302717045	0.000000009263328
0.000013560000000	0.000000308787723	0.000000009348500
0.000013600000000	0.000000317519442	0.000000009470069
0.000013640000000	0.000000306449133	0.000000009306387
0.000013680000000	0.000000300957537	0.000000009245281
0.000013720000000	0.000000301711820	0.000000009224670
0.000013760000000	0.000000286707240	0.000000009010592
0.000013800000000	0.000000276921051	0.000000008851327
0.000013840000000	0.000000306683984	0.000000009324266
0.000013880000000	0.000000287335567	0.000000009026886
0.000013920000000	0.000000259517748	0.000000008585658
0.000013960000000	0.000000291313395	0.000000009094951
0.000014000000000	0.000000273150607	0.000000008820705
0.000014040000000	0.000000286313765	0.000000009012767
0.000014080000000	0.000000258861955	0.000000008589462
0.000014120000000	0.000000268839438	0.000000008749495
0.000014160000000	0.000000260227988	0.000000008611159
0.000014200000000	0.000000252217883	0.000000008436900
0.000014240000000	0.000000262828894	0.000000008655145
0.000014280000000	0.000000255195689	0.000000008506561
0.000014320000000	0.000000245327586	0.000000008328995
0.000014360000000	0.000000252846210	0.000000008454300
0.000014400000000	0.000000256004419	0.000000008513796
0.000014440000000	0.000000253332488	0.000000008466487
0.000014480000000	0.000000253305022	0.000000008487675
0.000014520000000	0.000000251884542	0.000000008435850
0.000014560000000	0.000000232284698	0.000000008113767
0.000014600000000	0.000000236060344	0.000000008187544
0.000014640000000	0.000000230683814	0.000000008070124
0.000014680000000	0.000000235208056	0.000000008155345
0.000014720000000	0.000000220061429	0.000000007906844
0.000014760000000	0.000000222766028	0.000000007976454
0.000014800000000	0.000000230612790	0.000000008067407
0.000014840000000	0.000000226263265	0.000000008005643
0.000014880000000	0.000000224520334	0.000000007955898
0.000014920000000	0.000000221952095	0.000000007927114
0.000014960000000	0.000000216739393	0.000000007824283
0.000015000000000	0.000000214269645	0.000000007774758
0.000015040000000	0.000000215149399	0.000000007785491
0.000015080000000	0.000000221689778	0.000000007928762
0.000015120000000	0.000000219744664	0.000000007876577
0.000015160000000	0.000000206035094	0.000000007646310
0.000015200000000	0.000000209685269	0.000000007689020
0.000015240000000	0.000000218667930	0.000000007905960
0.000015280000000	0.000000205013292	0.000000007629636
0.000015320000000	0.000000203576235	0.000000007602255
0.000015360000000	0.000000192445792	0.000000007401204
0.000015400000000	0.000000190276717	0.000000007329440
0.000015440000000	0.000000201620232	0.000000007541134
0.000015480000000	0.000000187123710	0.000000007305661
0.000015520000000	0.000000193910315	0.000000007405110
0.000015560000000	0.000000193445815	0.000000007404795
0.000015600000000	0.000000186626542	0.000000007284622
0.000015640000000	0.000000206794579	0.000000007664653
0.000015680000000	0.000000176474344	0.000000007064057
0.000015720000000	0.000000186222177	0.000000007280394
0.000015760000000	0.000000192626196	0.000000007389660
0.000015800000000	0.000000192915979	0.000000007363540
0.000015840000000	0.000000180523196	0.000000007153895
0.000015880000000	0.000000187643142	0.000000007256645
0.000015920000000	0.000000187637455	0.000000007295181
0.000015960000000	0.000000185440913	0.000000007247190
0.000016000000000	0.000000180069586	0.000000007160609
0.000016040000000	0.000000167791870	0.000000006888791
0.000016080000000	0.000000172922659	0.000000006995038
0.000016120000000	0.000000169403643	0.000000006947123
0.000016160000000	0.000000167578798	0.000000006879236
0.000016200000000	0.000000172529183	0.000000006997838
0.000016240000000	0.000000172387135	0.000000006991569
0.000016280000000	0.000000162491566	0.000000006800871
0.000016320000000	0.000000172731366	0.000000007000038
0.000016360000000	0.000000153596021	0.000000006608694
0.000016400000000	0.000000162803129	0.000000006787344
0.000016440000000	0.000000151842200	0.000000006540646
0.000016480000000	0.000000167043274	0.000000006875709
0.000016520000000	0.000000159841415	0.000000006756482
0.000016560000000	0.000000150721908	0.000000006545282
0.000016600000000	0.000000148252160	0.000000006485998
0.000016640000000	0.000000151317566	0.000000006544640
0.000016680000000	0.000000158229642	0.000000006696490
0.000016720000000	0.000000142279972	0.000000006337791
0.000016760000000	0.000000163065446	0.000000006785419
0.000016800000000	0.000000151732820	0.000000006557031
0.000016840000000	0.000000145530984	0.000000006436033
0.000016880000000	0.000000139356614	0.000000006284199
0.000016920000000	0.000000147066531	0.000000006443928
0.000016960000000	0.000000137072472	0.000000006261740
0.000017000000000	0.000000153563352	0.000000006585782
0.000017040000000	0.000000138547884	0.000000006274392
0.000017080000000	0.000000141460352	0.000000006320100
0.000017120000000	0.000000143585870	0.000000006371634
0.000017160000000	0.000000137465947	0.000000006258610
0.000017200000000	0.000000139427638	0.000000006287687
0.000017240000000	0.000000137444168	0.000000006242488
0.000017280000000	0.000000133668522	0.000000006145404
0.000017320000000	0.000000127657979	0.000000006010314
0.000017360000000	0.000000133750436	0.000000006157159
0.000017400000000	0.000000127357306	0.000000006033942
0.000017440000000	0.000000121718460	0.000000005875849
0.000017480000000	0.000000127275393	0.000000006021946
0.000017520000000	0.000000130865433	0.000000006080766
0.000017560000000	0.000000119188577	0.000000005814635
0.000017600000000	0.000000127881940	0.000000006029610
0.000017640000000	0.000000135089002	0.000000006216353
0.000017680000000	0.000000130034924	0.000000006054009
0.000017720000000	0.000000132646720	0.000000006124645
0.000017760000000	0.000000118521895	0.000000005811585
0.000017800000000	0.000000116609449	0.000000005766458
0.000017840000000	0.000000121565522	0.000000005859789
0.000017880000000	0.000000117669607	0.000000005766133
0.000017920000000	0.000000119341515	0.000000005830819
0.000017960000000	0.000000123417833	0.000000005909022
0.000018000000000	0.000000118642164	0.000000005801783
0.000018040000000	0.000000104878146	0.000000005438974
0.000018080000000	0.000000113855606	0.000000005683667
0.000018120000000	0.000000122133714	0.000000005889648
0.000018160000000	0.000000121554633	0.000000005851184
0.000018200000000	0.000000104604940	0.000000005432108
0.000018240000000	0.000000111101762	0.000000005599653
0.000018280000000	0.000000107408029	0.000000005504368
0.000018320000000	0.000000108096490	0.000000005525854
0.000018360000000	0.000000107659457	0.000000005492829
0.000018400000000	0.000000105801458	0.000000005491132
0.000018440000000	0.000000111577151	0.000000005609060
0.000018480000000	0.000000105200598	0.000000005431335
0.000018520000000	0.000000108713927	0.000000005543302
0.000018560000000	0.000000110396724	0.000000005619531
0.000018600000000	0.000000105555718	0.000000005451482
0.000018640000000	0.000000111074295	0.000000005631638
0.000018680000000	0.000000102359153	0.000000005382154
0.000018720000000	0.000000101954788	0.000000005376430
0.000018760000000	0.000000111478660	0.000000005637102
0.000018800000000	0.000000105615852	0.000000005446260
0.000018840000000	0.000000101135169	0.000000005355565
0.000018880000000	0.000000096457990	0.000000005206809
0.000018920000000	0.000000103156994	0.000000005384233
0.000018960000000	0.000000094687592	0.000000005164888
0.000019000000000	0.000000090217798	0.000000005079092
0.000019040000000	0.000000096905912	0.000000005251239
0.000019080000000	0.000000089840899	0.000000005037497
0.000019120000000	0.000000096430523	0.000000005241191
0.000019160000000	0.000000094485410	0.000000005161907
0.000019200000000	0.000000099971319	0.000000005323500
0.000019240000000	0.000000089376399	0.000000005037034
0.000019280000000	0.000000095528990	0.000000005205914
0.000019320000000	0.000000096146427	0.000000005224430
0.000019360000000	0.000000095873221	0.000000005217282
0.000019400000000	0.000000087808184	0.000000004996770
0.000019440000000	0.000000084256500	0.000000004898711
0.000019480000000	0.000000085731912	0.000000004914873
0.000019520000000	0.000000087431285	0.000000004954484
0.000019560000000	0.000000086737137	0.000000004987052
0.000019600000000	0.000000088829986	0.000000005022193
0.000019640000000	0.000000092250512	0.000000005119163
0.000019680000000	0.000000082999847	0.000000004838342
0.000019720000000	0.000000083890490	0.000000004865936
0.000019760000000	0.000000084578951	0.000000004890227
0.000019800000000	0.000000090944614	0.000000005076978
0.000019840000000	0.000000081240338	0.000000004803701
0.000019880000000	0.000000086573310	0.000000004957967
0.000019920000000	0.000000078093019	0.000000004708160
0.000019960000000	0.000000084174586	0.000000004883927
0.000020000000000	0.000000081715728	0.000000004814662
0.000020040000000	0.000000080956243	0.000000004785408
0.000020080000000	0.000000083152784	0.000000004857781
0.000020120000000	0.000000077606740	0.000000004686211
0.000020160000000	0.000000084912292	0.000000004892039
0.000020200000000	0.000000073770960	0.000000004562326
0.000020240000000	0.000000071585308	0.000000004496408
0.000020280000000	0.000000076251597	0.000000004657052
0.000020320000000	0.000000081311362	0.000000004808263
0.000020360000000	0.000000082240362	0.000000004809232
0.000020400000000	0.000000086824738	0.000000004945153
0.000020440000000	0.000000072120831	0.000000004501800
0.000020480000000	0.000000072333903	0.000000004516388
0.000020520000000	0.000000074317373	0.000000004578657
0.000020560000000	0.000000069148228	0.000000004443810
0.000020600000000	0.000000067427076	0.000000004376640
0.000020640000000	0.000000066241447	0.000000004314049
0.000020680000000	0.000000070077227	0.000000004444859
0.000020720000000	0.000000068924267	0.000000004417592
0.000020760000000	0.000000071383125	0.000000004492983
0.000020800000000	0.000000067082845	0.000000004363081
0.000020840000000	0.000000070574395	0.000000004479257
0.000020880000000	0.000000063257954	0.000000004241638
0.000020920000000	0.000000065514630	0.000000004316536
0.000020960000000	0.000000061132436	0.000000004163826
0.000021000000000	0.000000072465062	0.000000004514941
0.000021040000000	0.000000068197450	0.000000004420021
0.000021080000000	0.000000074967478	0.000000004632445
0.000021120000000	0.000000073601446	0.000000004591986
0.000021160000000	0.000000062214373	0.000000004187510
0.000021200000000	0.000000071475928	0.000000004520209
0.000021240000000	0.000000061121547	0.000000004151707
0.000021280000000	0.000000063722454	0.000000004242188
0.000021320000000	0.000000068995291	0.000000004422553
0.000021360000000	0.000000064957328	0.000000004287473
0.000021400000000	0.000000057810400	0.000000004004830
0.000021440000000	0.000000056668329	0.000000003987202
0.000021480000000	0.000000054788552	0.000000003959495
0.000021520000000	0.000000059088832	0.000000004102196
0.000021560000000	0.000000056548060	0.000000004001452
0.000021600000000	0.000000061689739	0.000000004193745
0.000021640000000	0.000000054231250	0.000000003927791
0.000021680000000	0.000000062569493	0.000000004213610
0.000021720000000	0.000000065241423	0.000000004307881
0.000021760000000	0.000000057165497	0.000000004025513
0.000021800000000	0.000000053198558	0.000000003882275
0.000021840000000	0.000000056761132	0.000000004017857
0.000021880000000	0.000000058269213	0.000000004074812
0.000021920000000	0.000000062782565	0.000000004229192
0.000021960000000	0.000000054149336	0.000000003909338
0.000022000000000	0.000000058482285	0.000000004090923
0.000022040000000	0.000000063826146	0.000000004282793
0.000022080000000	0.000000059301904	0.000000004118200
0.000022120000000	0.000000053400741	0.000000003886239
0.000022160000000	0.000000057864848	0.000000004067249
0.000022200000000	0.000000047035078	0.000000003638883
0.000022240000000	0.000000053794216	0.000000003881193
0.000022280000000	0.000000055111004	0.000000003948994
0.000022320000000	0.000000055384210	0.000000003958434
0.000022360000000	0.000000062296286	0.000000004204743
0.000022400000000	0.000000057924982	0.000000004060246
0.000022440000000	0.000000054220360	0.000000003914943
0.000022480000000	0.000000057116252	0.000000004045051
0.000022520000000	0.000000044111719	0.000000003544719
0.000022560000000	0.000000048007634	0.000000003695114
0.000022600000000	0.000000046073410	0.000000003595808
0.000022640000000	0.000000053542789	0.000000003897506
0.000022680000000	0.000000051204199	0.000000003795385
0.000022720000000	0.000000051428161	0.000000003825869
0.000022760000000	0.000000048521379	0.000000003674349
0.000022800000000	0.000000058116275	0.000000004051619
0.000022840000000	0.000000050941882	0.000000003798825
0.000022880000000	0.000000048106125	0.000000003652190
0.000022920000000	0.000000043423258	0.000000003511131
0.000022960000000	0.000000047947500	0.000000003702808
0.000023000000000	0.000000049302643	0.000000003739415
0.000023040000000	0.000000046368395	0.000000003634008
0.000023080000000	0.000000044920449	0.000000003562048
0.000023120000000	0.000000050690454	0.000000003815491
0.000023160000000	0.000000041581837	0.000000003442296
0.000023200000000	0.000000046308261	0.000000003641831
0.000023240000000	0.000000043341345	0.000000003490475
0.000023280000000	0.000000048493913	0.000000003722911
0.000023320000000	0.000000044445060	0.000000003547218
0.000023360000000	0.000000046297371	0.000000003627970
0.000023400000000	0.000000046630712	0.000000003630412
0.000023440000000	0.000000048209817	0.000000003699278
0.000023480000000	0.000000049242508	0.000000003747018
0.000023520000000	0.000000040144780	0.000000003381174
0.000023560000000	0.000000048018524	0.000000003708725
0.000023600000000	0.000000051559319	0.000000003824162
0.000023640000000	0.000000042068115	0.000000003472118
0.000023680000000	0.000000043554417	0.000000003509270
0.000023720000000	0.000000033566045	0.000000003072360
0.000023760000000	0.000000044303012	0.000000003534834
0.000023800000000	0.000000049646874	0.000000003755226
0.000023840000000	0.000000040286828	0.000000003394119
0.000023880000000	0.000000042663773	0.000000003470907
0.000023920000000	0.000000042270298	0.000000003476549
0.000023960000000	0.000000032139878	0.000000003020448
0.000024000000000	0.000000038707724	0.000000003318927
0.000024040000000	0.000000034953857	0.000000003164513
0.000024080000000	0.000000039920819	0.000000003346642
0.000024120000000	0.000000040538256	0.000000003375374
0.000024160000000	0.000000040549145	0.000000003390268
0.000024200000000	0.000000040489011	0.000000003398652
0.000024240000000	0.000000038789637	0.000000003340644
0.000024280000000	0.000000037210533	0.000000003264220
0.000024320000000	0.000000038030152	0.000000003298342
0.000024360000000	0.000000039729526	0.000000003357081
0.000024400000000	0.000000037735167	0.000000003256206
0.000024440000000	0.000000038838882	0.000000003316958
0.000024480000000	0.000000040811462	0.000000003386412
0.000024520000000	0.000000036259755	0.000000003231760
0.000024560000000	0.000000037330802	0.000000003246737
0.000024600000000	0.000000034811809	0.000000003150625
0.000024640000000	0.000000033768228	0.000000003077367
0.000024680000000	0.000000033314617	0.000000003092943
0.000024720000000	0.000000037746056	0.000000003271643
0.000024760000000	0.000000039800550	0.000000003363606
0.000024800000000	0.000000035844500	0.000000003206544
0.000024840000000	0.000000039718636	0.000000003342039
0.000024880000000	0.000000034194372	0.000000003119824
0.000024920000000	0.000000034942967	0.000000003148551
0.000024960000000	0.000000037746056	0.000000003271643